    0.929849625    0.015969949
    0.921902120    0.016047964
    0.910108030    0.016126359
    0.902329206    0.016205138
    0.890785515    0.016284302
    0.883171916    0.016363852
    0.871873260    0.016443791
    0.864421308    0.016524119
    0.857032955    0.016604841
    0.846068799    0.016685957
    0.838837326    0.016767470
    0.828105927    0.016849380
    0.821028054    0.016931690
    0.810524404    0.017014403
    0.803596795    0.017097522
    0.796728313    0.017181044
    0.789918602    0.017264975
    0.779812992    0.017349316
    0.773147881    0.017434068
    0.766539693    0.017519236
    0.756733179    0.017604819
    0.750265300    0.017690821
    0.743852735    0.017777242
    0.737494946    0.017864084
    0.728060007    0.017951353
    0.721837163    0.018039046
    0.715667605    0.018127169
    0.706511915    0.018215721
    0.700473249    0.018304707
    0.694486260    0.018394127
    0.685601532    0.018483985
    0.679741621    0.018574281
    0.673931777    0.018665018
    0.665310025    0.018756198
    0.659623563    0.018847823
    0.653985679    0.018939897
    0.648396015    0.019032419
    0.640100956    0.019125395
    0.634629905    0.019218825
    0.629205704    0.019312710
    0.623827815    0.019407054
    0.618495882    0.019501859
    0.613209486    0.019597128
    0.605364561    0.019692861
    0.600190461    0.019789062
    0.595060587    0.019885734
    0.589974523    0.019982878
    0.584931970    0.020080496
    0.577448785    0.020178590
    0.572513282    0.020277165
    0.567619979    0.020376220
    0.562768459    0.020475760
    0.555568874    0.020575786
    0.550820351    0.020676300
    0.546112418    0.020777306
    0.539125860    0.020878805
    0.534517944    0.020980800
    0.529949367    0.021083292
    0.525419831    0.021186287
    0.518697977    0.021289783
    0.514264643    0.021393785
    0.509869158    0.021498296
    0.505511284    0.021603316
    0.499044120    0.021708852
    0.494778752    0.021814901
    0.490549833    0.021921469
    0.486357033    0.022028556
    0.480134964    0.022136169
    0.476031214    0.022244306
    0.471962512    0.022352971
    0.467928618    0.022462167
    0.461942285    0.022571897
    0.457994044    0.022682164
    0.454079509    0.022792967
    0.450198442    0.022904314
    0.444438964    0.023016203
    0.440640271    0.023128640
    0.436874092    0.023241624
    0.433140069    0.023355162
    0.427598804    0.023469254
    0.423944086    0.023583904
    0.420320600    0.023699114
    0.416728079    0.023814885
    0.413166255    0.023931224
    0.407880515    0.024048129
    0.404394329    0.024165606
    0.400937915    0.024283659
    0.397511065    0.024402285
    0.392425627    0.024521492
    0.389071524    0.024641283
    0.385746092    0.024761658
    0.382449090    0.024882620
    0.379180253    0.025004175
    0.374329299    0.025126321
    0.371129870    0.025249066
    0.367957801    0.025372410
    0.364812821    0.025496356
    0.360145688    0.025620908
    0.357067496    0.025746068
    0.354015589    0.025871839
    0.350989789    0.025998225
    0.346499503    0.026125230
    0.343537927    0.026252855
    0.340601683    0.026381101
    0.337690502    0.026509976
    0.333370358    0.026639480
    0.330521017    0.026769616
    0.327696025    0.026900388
    0.323503733    0.027031800
    0.320738703    0.027163852
    0.317997307    0.027296551
    0.315279365    0.027429895
    0.311245918    0.027563892
    0.308585674    0.027698545
    0.305948168    0.027833855
    0.303333193    0.027969826
    0.299452603    0.028106460
    0.296893150    0.028243763
    0.294355571    0.028381735
    0.291839689    0.028520383
    0.288106114    0.028659707
    0.285643637    0.028799713
    0.283202201    0.028940402
    0.280781657    0.029081779
    0.277189553    0.029223846
    0.274820387    0.029366607
    0.272471458    0.029510066
    0.268985659    0.029654225
    0.266686618    0.029799089
    0.264407218    0.029944660
    0.262147307    0.030090943
    0.258793592    0.030237939
    0.256581664    0.030385654
    0.254388630    0.030534092
    0.252214342    0.030683253
    0.248987719    0.030833144
    0.246859595    0.030983767
    0.244749665    0.031135125
    0.242657766    0.031287223
    0.239553392    0.031440064
    0.237505898    0.031593651
    0.235475913    0.031747989
    0.233463272    0.031903081
    0.230476528    0.032058928
    0.228506625    0.032215539
    0.226553559    0.032372914
    0.223655209    0.032531060
    0.221743599    0.032689977
    0.219848335    0.032849669
    0.217969269    0.033010144
    0.215180740    0.033171400
    0.213341564    0.033333447
    0.211518109    0.033496283
    0.209710255    0.033659916
    0.207027376    0.033824347
    0.205257893    0.033989582
    0.203503534    0.034155626
    0.200900063    0.034322478
    0.199182957    0.034490146
    0.197480515    0.034658633
    0.195792630    0.034827944
    0.193287805    0.034998082
    0.191635758    0.035169050
    0.189997822    0.035340853
    0.187567145    0.035513498
    0.185963988    0.035686985
    0.184374541    0.035861317
    0.182798669    0.036036506
    0.180460081    0.036212545
    0.178917676    0.036389448
    0.177388445    0.036567215
    0.175119072    0.036745846
    0.173622310    0.036925353
    0.172138333    0.037105739
    0.169936135    0.037287004
    0.168483675    0.037469152
    0.167043626    0.037652194
    0.164906606    0.037836127
    0.163497135    0.038020961
    0.162099704    0.038206697
    0.160714224    0.038393341
    0.158658162    0.038580894
    0.157302096    0.038769364
    0.155957624    0.038958758
    0.153962433    0.039149076
    0.152646497    0.039340321
    0.151341811    0.039532501
    0.149405658    0.039725624
    0.148128673    0.039919686
    0.146862596    0.040114697
    0.145607352    0.040310662
    0.143744558    0.040507581
    0.142515957    0.040705465
    0.141297862    0.040904313
    0.139490202    0.041104134
    0.138297975    0.041304935
    0.137115926    0.041506711
    0.135943979    0.041709475
    0.134204820    0.041913230
    0.133057758    0.042117979
    0.131920502    0.042323731
    0.130232811    0.042530484
    0.129119694    0.042738251
    0.128016099    0.042947032
    0.126378357    0.043156829
    0.125298187    0.043367654
    0.124227256    0.043579511
    0.122637987    0.043792401
    0.121589787    0.044006329
    0.120550543    0.044221304
    0.119008318    0.044437330
    0.117991142    0.044654410
    0.116982661    0.044872552
    0.115486071    0.045091756
    0.114499003    0.045312036
    0.113520369    0.045533389
    0.929849625    0.045533389
    0.112550095    0.045755822
    0.917953849    0.045755822
    0.111110218    0.045979343
    0.910108030    0.045979343
    0.110160545    0.046203956
    0.902329206    0.046203956
    0.109218992    0.046429668
    0.890785515    0.046429668
    0.108285487    0.046656482
    0.883171916    0.046656482
    0.106900170    0.046884403
    0.875623345    0.046884403
    0.105986483    0.047113437
    0.868139267    0.047113437
    0.105080605    0.047343589
    0.860719204    0.047343589
    0.104182467    0.047574867
    0.853362560    0.047574867
    0.102849640    0.047807276
    0.842445314    0.047807276
    0.101970568    0.048040818
    0.835244834    0.048040818
    0.101099022    0.048275501
    0.824559391    0.048275501
    0.099805638    0.048511334
    0.817511797    0.048511334
    0.098952591    0.048748314
    0.810524404    0.048748314
    0.098106831    0.048986454
    0.803596795    0.048986454
    0.097268298    0.049225759
    0.793316185    0.049225759
    0.096023925    0.049466230
    0.786535621    0.049466230
    0.095203198    0.049707878
    0.779812992    0.049707878
    0.094389491    0.049950704
    0.773147881    0.049950704
    0.093181945    0.050194718
    0.766539693    0.050194718
    0.092385508    0.050439924
    0.756733179    0.050439924
    0.091595881    0.050686326
    0.750265300    0.050686326
    0.090813003    0.050933935
    0.743852735    0.050933935
    0.090036817    0.051182751
    0.734336436    0.051182751
    0.088884957    0.051432781
    0.728060007    0.051432781
    0.088125244    0.051684037
    0.721837163    0.051684037
    0.087372027    0.051936518
    0.715667605    0.051936518
    0.086625248    0.052190233
    0.709550679    0.052190233
    0.085884854    0.052445184
    0.703486085    0.052445184
    0.084786110    0.052701384
    0.694486260    0.052701384
    0.084061436    0.052958835
    0.688550413    0.052958835
    0.083342955    0.053217545
    0.682665288    0.053217545
    0.082630612    0.053477515
    0.673931777    0.053477515
    0.081573501    0.053738758
    0.668171644    0.053738758
    0.080876283    0.054001275
    0.662460685    0.054001275
    0.080185026    0.054265078
    0.653985679    0.054265078
    0.079499677    0.054530166
    0.648396015    0.054530166
    0.078820184    0.054796554
    0.642854095    0.054796554
    0.077811822    0.055064239
    0.637359560    0.055064239
    0.077146754    0.055333231
    0.631911993    0.055333231
    0.076487377    0.055603541
    0.623827815    0.055603541
    0.075833626    0.055875167
    0.618495882    0.055875167
    0.074863471    0.056148123
    0.610583305    0.056148123
    0.074223600    0.056422412
    0.605364561    0.056422412
    0.073589206    0.056698039
    0.600190461    0.056698039
    0.072960235    0.056975015
    0.595060587    0.056975015
    0.072026834    0.057253342
    0.587447822    0.057253342
    0.071411215    0.057533033
    0.582426846    0.057533033
    0.070800856    0.057814084
    0.577448785    0.057814084
    0.070195712    0.058096513
    0.572513282    0.058096513
    0.069595747    0.058380321
    0.565189004    0.058380321
    0.068705395    0.058665510
    0.560358286    0.058665510
    0.068118162    0.058952097
    0.555568874    0.058952097
    0.067535952    0.059240084
    0.548461318    0.059240084
    0.066958711    0.059529476
    0.543773592    0.059529476
    0.066102095    0.059820283
    0.539125860    0.059820283
    0.065537110    0.060112514
    0.534517944    0.060112514
    0.064976960    0.060406167
    0.529949367    0.060406167
    0.064421594    0.060701258
    0.525419831    0.060701258
    0.063870974    0.060997788
    0.518697977    0.060997788
    0.063053854    0.061295770
    0.514264643    0.061295770
    0.062514931    0.061595205
    0.507685542    0.061595205
    0.061980609    0.061896104
    0.503346264    0.061896104
    0.061450854    0.062198471
    0.499044120    0.062198471
    0.060664702    0.062502317
    0.492659748    0.062502317
    0.060146194    0.062807642
    0.488448918    0.062807642
    0.059632119    0.063114464
    0.484274119    0.063114464
    0.059122436    0.063422784
    0.480134964    0.063422784
    0.058366071    0.063732609
    0.476031214    0.063732609
    0.057867210    0.064043954
    0.469941229    0.064043954
    0.057372615    0.064356811
    0.465924591    0.064356811
    0.056882244    0.064671203
    0.461942285    0.064671203
    0.056154538    0.064987123
    0.456032574    0.064987123
    0.055674579    0.065304592
    0.452134818    0.065304592
    0.055198722    0.065623611
    0.448270380    0.065623611
    0.054726932    0.065944187
    0.444438964    0.065944187
    0.054259174    0.066266328
    0.440640271    0.066266328
    0.053565025    0.066590048
    0.435003072    0.066590048
    0.053107198    0.066915348
    0.431285053    0.066915348
    0.052653287    0.067242235
    0.427598804    0.067242235
    0.052203253    0.067570716
    0.423944086    0.067570716
    0.051535405    0.067900807
    0.418520480    0.067900807
    0.051094927    0.068232507
    0.414943337    0.068232507
    0.050658215    0.068565831
    0.409634888    0.068565831
    0.050225232    0.068900779
    0.406133682    0.068900779
    0.049582690    0.069237366
    0.402662426    0.069237366
    0.049158901    0.069575600
    0.399220824    0.069575600
    0.048738737    0.069915481
    0.395808637    0.069915481
    0.048322160    0.070257023
    0.390744984    0.070257023
    0.047703966    0.070600234
    0.387405246    0.070600234
    0.047296233    0.070945121
    0.382449090    0.070945121
    0.046891987    0.071291700
    0.379180253    0.071291700
    0.046491198    0.071639962
    0.375939339    0.071639962
    0.045896426    0.071989931
    0.371129870    0.071989931
    0.045504145    0.072341606
    0.367957801    0.072341606
    0.045115218    0.072695002
    0.364812821    0.072695002
    0.044729613    0.073050126
    0.361694723    0.073050126
    0.044157375    0.073406979
    0.358603269    0.073406979
    0.043779958    0.073765583
    0.354015589    0.073765583
    0.043405768    0.074125931
    0.350989789    0.074125931
    0.043034773    0.074488044
    0.346499503    0.074488044
    0.042484220    0.074851930
    0.343537927    0.074851930
    0.042121101    0.075217582
    0.340601683    0.075217582
    0.041761089    0.075585030
    0.336244285    0.075585030
    0.041226830    0.075954266
    0.333370358    0.075954266
    0.040874459    0.076325312
    0.330521017    0.076325312
    0.040525101    0.076698169
    0.327696025    0.076698169
    0.040178727    0.077072844
    0.323503733    0.077072844
    0.039664716    0.077449352
    0.320738703    0.077449352
    0.039325695    0.077827699
    0.317997307    0.077827699
    0.038989574    0.078207895
    0.313929111    0.078207895
    0.038656328    0.078589946
    0.311245918    0.078589946
    0.038161788    0.078973867
    0.307264090    0.078973867
    0.037835617    0.079359658
    0.304637879    0.079359658
    0.037512232    0.079747334
    0.302034110    0.079747334
    0.037191611    0.080136910
    0.299452603    0.080136910
    0.036715809    0.080528386
    0.295621634    0.080528386
    0.036401995    0.080921777
    0.293094933    0.080921777
    0.036090862    0.081317082
    0.290589809    0.081317082
    0.035782389    0.081714325
    0.288106114    0.081714325
    0.035324618    0.082113512
    0.284420311    0.082113512
    0.035022695    0.082514644
    0.281989336    0.082514644
    0.034723353    0.082917735
    0.279579133    0.082917735
    0.034426570    0.083322793
    0.276002407    0.083322793
    0.033986144    0.083729833
    0.273643404    0.083729833
    0.033695661    0.084138863
    0.271304548    0.084138863
    0.033407658    0.084549889
    0.268985659    0.084549889
    0.033122119    0.084962919
    0.265544474    0.084962919
    0.032698382    0.085377976
    0.263274848    0.085377976
    0.032418907    0.085795052
    0.261024594    0.085795052
    0.032141816    0.086214170
    0.257685244    0.086214170
    0.031867098    0.086635336
    0.255482793    0.086635336
    0.031594727    0.087058559
    0.253299147    0.087058559
    0.031190528    0.087483846
    0.250058651    0.087483846
    0.030923940    0.087911211
    0.247921377    0.087911211
    0.030659629    0.088340662
    0.245802373    0.088340662
    0.030397577    0.088772215
    0.243701473    0.088772215
    0.030008694    0.089205876
    0.240583733    0.089205876
    0.029752208    0.089641653
    0.238527447    0.089641653
    0.029497912    0.090079561
    0.236488730    0.090079561
    0.029245792    0.090519607
    0.233463272    0.090519607
    0.028871644    0.090961806
    0.231467843    0.090961806
    0.028624875    0.091406159
    0.229489461    0.091406159
    0.028380215    0.091852687
    0.226553559    0.091852687
    0.028137647    0.092301399
    0.224617183    0.092301399
    0.027777676    0.092752300
    0.222697347    0.092752300
    0.027540257    0.093205400
    0.219848335    0.093205400
    0.027304867    0.093660720
    0.217969269    0.093660720
    0.027071489    0.094118260
    0.216106266    0.094118260
    0.026725156    0.094578035
    0.214259177    0.094578035
    0.026496734    0.095040061
    0.211518109    0.095040061
    0.026270265    0.095504336
    0.209710255    0.095504336
    0.026045730    0.095970884
    0.207027376    0.095970884
    0.025712522    0.096439712
    0.205257893    0.096439712
    0.025492754    0.096910827
    0.203503534    0.096910827
    0.025274865    0.097384244
    0.201764166    0.097384244
    0.025058838    0.097859979
    0.200039670    0.097859979
    0.024844658    0.098338030
    0.197480515    0.098338030
    0.024632307    0.098818421
    0.195792630    0.098818421
    0.024317181    0.099301159
    0.194119170    0.099301159
    0.024109339    0.099786252
    0.191635758    0.099786252
    0.023903275    0.100273721
    0.189997822    0.100273721
    0.023698971    0.100763567
    0.188373893    0.100763567
    0.023496414    0.101255804
    0.185963988    0.101255804
    0.023195818    0.101750448
    0.184374541    0.101750448
    0.022997562    0.102247506
    0.182798669    0.102247506
    0.022800999    0.102746993
    0.181236267    0.102746993
    0.022606116    0.103248924
    0.179687217    0.103248924
    0.022412900    0.103753299
    0.178151414    0.103753299
    0.022221334    0.104260147
    0.175872281    0.104260147
    0.021937052    0.104769468
    0.174369082    0.104769468
    0.021749554    0.105281271
    0.172878727    0.105281271
    0.021563658    0.105795585
    0.170667052    0.105795585
    0.021379352    0.106312402
    0.169208348    0.106312402
    0.021196619    0.106831744
    0.167762101    0.106831744
    0.020925445    0.107353628
    0.166328222    0.107353628
    0.020746594    0.107878067
    0.164200351    0.107878067
    0.020569270    0.108405061
    0.162796915    0.108405061
    0.020393463    0.108934626
    0.161405474    0.108934626
    0.020219158    0.109466784
    0.160025924    0.109466784
    0.020046344    0.110001534
    0.158658162    0.110001534
    0.019875005    0.110538907
    0.156628415    0.110538907
    0.019620741    0.111078896
    0.155289710    0.111078896
    0.019453039    0.111621529
    0.153962433    0.111621529
    0.019286772    0.112166807
    0.151992753    0.112166807
    0.019121926    0.112714753
    0.150693655    0.112714753
    0.018958490    0.113265373
    0.149405658    0.113265373
    0.018796450    0.113818683
    0.148128673    0.113818683
    0.018555982    0.114374697
    0.146862596    0.114374697
    0.018397382    0.114933431
    0.144983754    0.114933431
    0.018240137    0.115494892
    0.143744558    0.115494892
    0.018084237    0.116059095
    0.142515957    0.116059095
    0.017929669    0.116626047
    0.140692726    0.116626047
    0.017700290    0.117195778
    0.139490202    0.117195778
    0.017549004    0.117768288
    0.138297975    0.117768288
    0.017399011    0.118343599
    0.137115926    0.118343599
    0.017250299    0.118921719
    0.135361776    0.118921719
    0.017102860    0.119502664
    0.134204820    0.119502664
    0.016884059    0.120086446
    0.133057758    0.120086446
    0.016739750    0.120673075
    0.131920502    0.120673075
    0.016596673    0.121262580
    0.130232811    0.121262580
    0.016454820    0.121854953
    0.129119694    0.121854953
    0.016314179    0.122450233
    0.128016099    0.122450233
    0.016105467    0.123048410
    0.126921937    0.123048410
    0.015967812    0.123649515
    0.125298187    0.123649515
    0.015831335    0.124253549
    0.124227256    0.124253549
    0.015696023    0.124860540
    0.123165473    0.124860540
    0.015495220    0.125470489
    0.122112766    0.125470489
    0.015362781    0.126083434
    0.121069051    0.126083434
    0.015231473    0.126699358
    0.119520187    0.126699358
    0.015101288    0.127318293
    0.118498638    0.127318293
    0.014972216    0.127940252
    0.117485814    0.127940252
    0.014780673    0.128565252
    0.115982793    0.128565252
    0.014654341    0.129193306
    0.114991479    0.129193306
    0.014529089    0.129824430
    0.114008635    0.129824430
    0.014404907    0.130458638
    0.113034189    0.130458638
    0.014220622    0.131095931
    0.112068072    0.131095931
    0.014099077    0.131736353
    0.111110218    0.131736353
    0.013978571    0.132379889
    0.109688759    0.132379889
    0.013859094    0.133026585
    0.108751237    0.133026585
    0.013740639    0.133676425
    0.107821733    0.133676425
    0.013564852    0.134329453
    0.106442347    0.134329453
    0.013448912    0.134985656
    0.105532572    0.134985656
    0.013333963    0.135645077
    0.104630575    0.135645077
    0.013219996    0.136307716
    0.103736281    0.136307716
    0.013050870    0.136973590
    0.102849640    0.136973590
    0.012939323    0.137642711
    0.101533860    0.137642711
    0.012828729    0.138315111
    0.100666039    0.138315111
    0.012719081    0.138990790
    0.099805638    0.138990790
    0.012556362    0.139669776
    0.098952591    0.139669776
    0.012449042    0.140352085
    0.098106831    0.140352085
    0.012342638    0.141037717
    0.096851729    0.141037717
    0.012237145    0.141726688
    0.096023925    0.141726688
    0.012080592    0.142419040
    0.095203198    0.142419040
    0.011977338    0.143114775
    0.093985245    0.143114775
    0.011874966    0.143813893
    0.093181945    0.143813893
    0.011723047    0.144516438
    0.092385508    0.144516438
    0.011622850    0.145222425
    0.091595881    0.145222425
    0.011523508    0.145931840
    0.090813003    0.145931840
    0.011425016    0.146644726
    0.089651212    0.146644726
    0.011278853    0.147361100
    0.088884957    0.147361100
    0.011182452    0.148080975
    0.087747827    0.148080975
    0.011086874    0.148804367
    0.086997837    0.148804367
    0.010945037    0.149531290
    0.086254261    0.149531290
    0.010851488    0.150261760
    0.085517034    0.150261760
    0.010758740    0.150995806
    0.084422991    0.150995806
    0.010666783    0.151733443
    0.083701424    0.151733443
    0.010530321    0.152474672
    0.082986020    0.152474672
    0.010440317    0.153219521
    0.082276724    0.153219521
    0.010351082    0.153968006
    0.081573501    0.153968006
    0.010218658    0.154720157
    0.080529913    0.154720157
    0.010131319    0.155475989
    0.079841614    0.155475989
    0.010044726    0.156235501
    0.079159200    0.156235501
    0.009958872    0.156998724
    0.078146502    0.156998724
    0.009831466    0.157765672
    0.077478573    0.157765672
    0.009747435    0.158536375
    0.076816358    0.158536375
    0.009664123    0.159310833
    0.076159798    0.159310833
    0.009540488    0.160089090
    0.075508855    0.160089090
    0.009458945    0.160871133
    0.074863471    0.160871133
    0.009378098    0.161657006
    0.073905721    0.161657006
    0.009297943    0.162446707
    0.073274046    0.162446707
    0.009178991    0.163240284
    0.072336636    0.163240284
    0.009100538    0.164037719
    0.071718365    0.164037719
    0.009022755    0.164839059
    0.071105383    0.164839059
    0.008907325    0.165644318
    0.070497639    0.165644318
    0.008831193    0.166453496
    0.069595747    0.166453496
    0.008755711    0.167266637
    0.069000907    0.167266637
    0.008680875    0.168083757
    0.068411149    0.168083757
    0.008606679    0.168904856
    0.067826428    0.168904856
    0.008496572    0.169729978
    0.067246713    0.169729978
    0.008423951    0.170559123
    0.066386409    0.170559123
    0.008351951    0.171392307
    0.065818995    0.171392307
    0.008280566    0.172229588
    0.065256432    0.172229588
    0.008174631    0.173070937
    0.064698681    0.173070937
    0.008104761    0.173916399
    0.063870974    0.173916399
    0.008035489    0.174766004
    0.063325062    0.174766004
    0.007966809    0.175619751
    0.062783815    0.175619751
    0.007864888    0.176477671
    0.062247194    0.176477671
    0.007797665    0.177339777
    0.061715163    0.177339777
    0.007731018    0.178206101
    0.061187677    0.178206101
    0.007664940    0.179076657
    0.060404889    0.179076657
    0.007566881    0.179951459
    0.059888605    0.179951459
    0.007502206    0.180830538
    0.059376732    0.180830538
    0.007438084    0.181713909
    0.058617111    0.181713909
    0.007374510    0.182601601
    0.058116104    0.182601601
    0.007311480    0.183493614
    0.057619382    0.183493614
    0.007217942    0.184390008
    0.057126902    0.184390008
    0.007156250    0.185290769
    0.056638632    0.185290769
    0.007095085    0.186195925
    0.055914041    0.186195925
    0.007034442    0.187105507
    0.055436138    0.187105507
    0.006974318    0.188019529
    0.054962322    0.188019529
    0.006914707    0.188938022
    0.054259174    0.188938022
    0.006826246    0.189861000
    0.053795416    0.189861000
    0.006767902    0.190788493
    0.053335618    0.190788493
    0.006710056    0.191720515
    0.052653287    0.191720515
    0.006652704    0.192657083
    0.052203253    0.192657083
    0.006595843    0.193598226
    0.051757067    0.193598226
    0.006539467    0.194543973
    0.051314693    0.194543973
    0.006483574    0.195494339
    0.050876103    0.195494339
    0.006428158    0.196449354
    0.050225232    0.196449354
    0.006345921    0.197409019
    0.049795952    0.197409019
    0.006291682    0.198373392
    0.049370341    0.198373392
    0.006237906    0.199342459
    0.048738737    0.199342459
    0.006184591    0.200316265
    0.048322160    0.200316265
    0.006131730    0.201294824
    0.047909148    0.201294824
    0.006079322    0.202278167
    0.047499660    0.202278167
    0.006001547    0.203266323
    0.047093678    0.203266323
    0.005950252    0.204259291
    0.046491198    0.204259291
    0.005899394    0.205257118
    0.046093833    0.205257118
    0.005848971    0.206259817
    0.045699865    0.206259817
    0.005798980    0.207267419
    0.045309264    0.207267419
    0.005749415    0.208279938
    0.044729613    0.208279938
    0.005700274    0.209297389
    0.044347305    0.209297389
    0.005651554    0.210319832
    0.043968260    0.210319832
    0.005603249    0.211347267
    0.043405768    0.211347267
    0.005555357    0.212379709
    0.043034773    0.212379709
    0.005507875    0.213417202
    0.042666949    0.213417202
    0.005460799    0.214459777
    0.042302269    0.214459777
    0.005390938    0.215507433
    0.041940708    0.215507433
    0.005344861    0.216560200
    0.041582238    0.216560200
    0.005299178    0.217618123
    0.041050266    0.217618123
    0.005253885    0.218681201
    0.040699404    0.218681201
    0.005208980    0.219749480
    0.040351544    0.219749480
    0.005164458    0.220822975
    0.039835319    0.220822975
    0.005120317    0.221901715
    0.039494842    0.221901715
    0.005076553    0.222985730
    0.039157275    0.222985730
    0.005033163    0.224075034
    0.038822595    0.224075034
    0.004990144    0.225169659
    0.038490772    0.225169659
    0.004947493    0.226269633
    0.038161788    0.226269633
    0.004905206    0.227374971
    0.037673578    0.227374971
    0.004863281    0.228485718
    0.037351578    0.228485718
    0.004821714    0.229601890
    0.036873728    0.229601890
    0.004780502    0.230723515
    0.036558565    0.230723515
    0.004739643    0.231850624
    0.036246095    0.231850624
    0.004699132    0.232983232
    0.035936296    0.232983232
    0.004658969    0.234121382
    0.035476554    0.234121382
    0.004619148    0.235265091
    0.035173334    0.235265091
    0.004560054    0.236414373
    0.004579667    0.236414373
    0.034872703    0.236414373
    0.004521079    0.237569287
    0.034574643    0.237569287
    0.004482436    0.238729835
    0.034132320    0.238729835
    0.004444125    0.239896044
    0.033840589    0.239896044
    0.004406141    0.241067961
    0.033551350    0.241067961
    0.004368481    0.242245600
    0.033122119    0.242245600
    0.004331143    0.243428990
    0.032839023    0.243428990
    0.004294124    0.244618163
    0.032558344    0.244618163
    0.004257422    0.245813146
    0.032280065    0.245813146
    0.004221033    0.247013956
    0.031867098    0.247013956
    0.004184956    0.248220637
    0.031594727    0.248220637
    0.004149186    0.249433219
    0.031324685    0.249433219
    0.004113723    0.250651717
    0.031056948    0.250651717
    0.004078562    0.251876175
    0.030659629    0.251876175
    0.004043703    0.253106624
    0.030397577    0.253106624
    0.003991971    0.254343063
    0.030008694    0.254343063
    0.003957851    0.255585551
    0.029752208    0.255585551
    0.003924022    0.256834120
    0.029497912    0.256834120
    0.003890484    0.258088768
    0.029245792    0.258088768
    0.003857231    0.259349555
    0.028871644    0.259349555
    0.003824263    0.260616511
    0.028624875    0.260616511
    0.003791577    0.261889637
    0.028380215    0.261889637
    0.003759170    0.263168991
    0.028137647    0.263168991
    0.003727040    0.264454603
    0.027777676    0.264454603
    0.003695184    0.265746504
    0.027540257    0.265746504
    0.003663601    0.267044693
    0.027304867    0.267044693
    0.003632288    0.268349230
    0.026955549    0.268349230
    0.003601242    0.269660145
    0.026725156    0.269660145
    0.003570462    0.270977467
    0.026496734    0.270977467
    0.003539945    0.272301197
    0.026270265    0.272301197
    0.003509689    0.273631424
    0.025934184    0.273631424
    0.003479691    0.274968117
    0.025712522    0.274968117
    0.003449950    0.276311368
    0.025492754    0.276311368
    0.003420463    0.277661175
    0.025166620    0.277661175
    0.003391228    0.279017568
    0.024951518    0.279017568
    0.003362243    0.280380607
    0.024738254    0.280380607
    0.003333505    0.281750292
    0.024421772    0.281750292
    0.003305013    0.283126652
    0.024213037    0.283126652
    0.003276765    0.284509748
    0.024006085    0.284509748
    0.003248758    0.285899609
    0.023800902    0.285899609
    0.003220991    0.287296265
    0.023597473    0.287296265
    0.003179784    0.288699716
    0.023395784    0.288699716
    0.003152606    0.290110052
    0.023096478    0.290110052
    0.003125660    0.291527241
    0.022899069    0.291527241
    0.003098945    0.292951405
    0.022703348    0.292951405
    0.003072458    0.294382483
    0.022412900    0.294382483
    0.003046197    0.295820564
    0.022221334    0.295820564
    0.003020161    0.297265679
    0.022031406    0.297265679
    0.002994348    0.298717856
    0.021749554    0.298717856
    0.002968754    0.300177097
    0.021563658    0.300177097
    0.002943380    0.301643491
    0.021379352    0.301643491
    0.002918223    0.303117067
    0.021196619    0.303117067
    0.002893280    0.304597795
    0.021015450    0.304597795
    0.002868552    0.306085795
    0.020746594    0.306085795
    0.002844034    0.307581067
    0.020569270    0.307581067
    0.002819725    0.309083611
    0.020306123    0.309083611
    0.002795625    0.310593516
    0.020132566    0.310593516
    0.002771730    0.312110782
    0.019960491    0.312110782
    0.002748040    0.313635498
    0.019789886    0.313635498
    0.002724552    0.315167636
    0.019536709    0.315167636
    0.002701265    0.316707253
    0.019369727    0.316707253
    0.002678177    0.318254381
    0.019204173    0.318254381
    0.002655287    0.319809079
    0.019040033    0.319809079
    0.002632592    0.321371377
    0.018796450    0.321371377
    0.002610091    0.322941333
    0.018635795    0.322941333
    0.002587782    0.324518919
    0.018476512    0.324518919
    0.002565664    0.326104224
    0.018318592    0.326104224
    0.002543735    0.327697277
    0.018084237    0.327697277
    0.002521993    0.329298109
    0.017929669    0.329298109
    0.002500438    0.330906749
    0.017776422    0.330906749
    0.002479066    0.332523257
    0.017624486    0.332523257
    0.002457877    0.334147662
    0.017473847    0.334147662
    0.002436870    0.335779995
    0.017250299    0.335779995
    0.002416041    0.337420315
    0.017102860    0.337420315
    0.002395391    0.339068651
    0.016956680    0.339068651
    0.002374918    0.340725034
    0.016811749    0.340725034
    0.002354619    0.342389494
    0.016596673    0.342389494
    0.002334494    0.344062090
    0.016454820    0.344062090
    0.002314541    0.345742881
    0.016314179    0.345742881
    0.002294758    0.347431868
    0.016174739    0.347431868
    0.002275144    0.349129081
    0.016036492    0.349129081
    0.002265400    0.350834608
    0.015899427    0.350834608
    0.002246038    0.352548480
    0.015696023    0.352548480
    0.002226841    0.354270697
    0.015561867    0.354270697
    0.002207808    0.356001347
    0.015428858    0.356001347
    0.002188937    0.357740462
    0.015231473    0.357740462
    0.002170228    0.359488040
    0.015101288    0.359488040
    0.002151679    0.361244172
    0.014972216    0.361244172
    0.002133288    0.363008887
    0.014844247    0.363008887
    0.002115055    0.364782214
    0.014717371    0.364782214
    0.002105997    0.366564214
    0.014591580    0.366564214
    0.002087997    0.368354917
    0.014466865    0.368354917
    0.002070150    0.370154351
    0.014281787    0.370154351
    0.002052457    0.371962607
    0.014159719    0.371962607
    0.002034914    0.373779655
    0.014038694    0.373779655
    0.002017522    0.375605613
    0.013859094    0.375605613
    0.002000277    0.377440482
    0.013740639    0.377440482
    0.001983181    0.379284322
    0.013623197    0.379284322
    0.001974687    0.381137162
    0.013506758    0.381137162
    0.001957810    0.382999033
    0.013391314    0.382999033
    0.001941076    0.384870023
    0.013219996    0.384870023
    0.001924485    0.386750162
    0.013107004    0.386750162
    0.001908037    0.388639450
    0.012994977    0.388639450
    0.001891728    0.390538007
    0.012883907    0.390538007
    0.001875560    0.392445803
    0.012719081    0.392445803
    0.001859529    0.394362926
    0.012610369    0.394362926
    0.001843635    0.396289438
    0.012502587    0.396289438
    0.001835740    0.398225337
    0.012395726    0.398225337
    0.001820049    0.400170714
    0.012237145    0.400170714
    0.001804493    0.402125597
    0.012132552    0.402125597
    0.001789070    0.404090017
    0.012028854    0.404090017
    0.001773779    0.406064034
    0.011926043    0.406064034
    0.001758618    0.408047676
    0.011824110    0.408047676
    0.001751086    0.410041034
    0.011672841    0.410041034
    0.001736120    0.412044108
    0.011573073    0.412044108
    0.001721281    0.414056987
    0.011474156    0.414056987
    0.001706569    0.416079700
    0.011376086    0.416079700
    0.001691983    0.418112278
    0.011230549    0.418112278
    0.001684736    0.420154810
    0.011134560    0.420154810
    0.001670337    0.422207296
    0.011039392    0.422207296
    0.001656060    0.424269825
    0.010945037    0.424269825
    0.001641906    0.426342428
    0.010851488    0.426342428
    0.001634874    0.428425133
    0.010758740    0.428425133
    0.001620900    0.430518031
    0.010621101    0.430518031
    0.001607046    0.432621151
    0.010530321    0.432621151
    0.001593311    0.434734553
    0.010440317    0.434734553
    0.001586487    0.436858267
    0.010306751    0.436858267
    0.001572927    0.438992351
    0.010218658    0.438992351
    0.001559483    0.441136867
    0.010131319    0.441136867
    0.001546154    0.443291873
    0.010044726    0.443291873
    0.001539533    0.445457369
    0.009958872    0.445457369
    0.001526374    0.447633475
    0.009873752    0.447633475
    0.001513328    0.449820191
    0.009747435    0.449820191
    0.001500393    0.452017605
    0.009664123    0.452017605
    0.001493968    0.454225749
    0.009581523    0.454225749
    0.001481198    0.456444681
    0.009499629    0.456444681
    0.001468539    0.458674461
    0.009378098    0.458674461
    0.001462249    0.460915118
    0.009297943    0.460915118
    0.001449751    0.463166744
    0.009218472    0.463166744
    0.001437360    0.465429366
    0.009139680    0.465429366
    0.001431204    0.467703015
    0.009061563    0.467703015
    0.001418971    0.469987780
    0.008984112    0.469987780
    0.001406843    0.472283721
    0.008907325    0.472283721
    0.001400818    0.474590868
    0.008793371    0.474590868
    0.001388845    0.476909310
    0.008718213    0.476909310
    0.001376975    0.479239047
    0.008643698    0.479239047
    0.001371077    0.481580168
    0.008533117    0.481580168
    0.001359359    0.483932734
    0.008460184    0.483932734
    0.001347740    0.486296773
    0.008387874    0.486296773
    0.001341968    0.488672376
    0.008316182    0.488672376
    0.001330498    0.491059572
    0.008245102    0.491059572
    0.001324800    0.493458450
    0.008174631    0.493458450
    0.001313477    0.495869040
    0.008070051    0.495869040
    0.001302251    0.498291403
    0.008001075    0.498291403
    0.001296673    0.500725567
    0.007898715    0.500725567
    0.001285591    0.503171682
    0.007831205    0.503171682
    0.001280085    0.505629718
    0.007764271    0.505629718
    0.001269144    0.508099794
    0.007697908    0.508099794
    0.001258296    0.510581911
    0.007599427    0.510581911
    0.001252907    0.513076127
    0.007534474    0.513076127
    0.001242199    0.515582561
    0.007470076    0.515582561
    0.001236879    0.518101215
    0.007406229    0.518101215
    0.001226307    0.520632207
    0.007342927    0.520632207
    0.001221055    0.523175538
    0.007248987    0.523175538
    0.001210618    0.525731266
    0.007187030    0.525731266
    0.001205434    0.528299510
    0.007125601    0.528299510
    0.001195131    0.530880332
    0.007034442    0.530880332
    0.001190012    0.533473730
    0.006974318    0.533473730
    0.001179841    0.536079764
    0.006914707    0.536079764
    0.001174788    0.538698614
    0.006855607    0.538698614
    0.001164747    0.541330159
    0.006797011    0.541330159
    0.001159759    0.543974638
    0.006738917    0.543974638
    0.001149846    0.546631992
    0.006652704    0.546631992
    0.001144922    0.549302340
    0.006595843    0.549302340
    0.001135136    0.551985741
    0.006539467    0.551985741
    0.001130275    0.554682195
    0.006455807    0.554682195
    0.001125434    0.557391882
    0.006400628    0.557391882
    0.001115815    0.560114801
    0.006345921    0.560114801
    0.001111036    0.562851012
    0.006291682    0.562851012
    0.001101540    0.565600574
    0.006211191    0.565600574
    0.001096822    0.568363607
    0.006158104    0.568363607
    0.001087448    0.571140110
    0.006105470    0.571140110
    0.001082790    0.573930204
    0.006053286    0.573930204
    0.001078153    0.576733887
    0.006001547    0.576733887
    0.001068938    0.579551280
    0.005924768    0.579551280
    0.001064360    0.582382441
    0.005874129    0.582382441
    0.001059802    0.585227430
    0.005823922    0.585227430
    0.001055263    0.588086307
    0.005749415    0.588086307
    0.001046243    0.590959191
    0.005700274    0.590959191
    0.001041763    0.593846083
    0.005651554    0.593846083
    0.001037301    0.596747041
    0.005603249    0.596747041
    0.001028435    0.599662185
    0.005555357    0.599662185
    0.001024031    0.602591634
    0.005484287    0.602591634
    0.001019645    0.605535328
    0.005437412    0.605535328
    0.001015278    0.608493388
    0.005390938    0.608493388
    0.001006600    0.611465931
    0.005321970    0.611465931
    0.001002289    0.614453018
    0.005276483    0.614453018
    0.000997997    0.617454708
    0.005231384    0.617454708
    0.000993723    0.620471001
    0.005164458    0.620471001
    0.000989467    0.623502076
    0.005120317    0.623502076
    0.000981010    0.626547933
    0.005076553    0.626547933
    0.000976808    0.629608691
    0.005033163    0.629608691
    0.000972625    0.632684350
    0.004968773    0.632684350
    0.000968460    0.635775089
    0.004926304    0.635775089
    0.000964312    0.638880908
    0.004884198    0.638880908
    0.000960182    0.642001927
    0.004821714    0.642001927
    0.000956070    0.645138144
    0.004780502    0.645138144
    0.000951975    0.648289680
    0.004739643    0.648289680
    0.000947898    0.651456654
    0.004679007    0.651456654
    0.000939796    0.654639065
    0.004639016    0.654639065
    0.000935772    0.657837033
    0.004599365    0.657837033
    0.000931764    0.661050677
    0.004540524    0.661050677
    0.000927773    0.664279938
    0.004501716    0.664279938
    0.000923800    0.667524993
    0.004444125    0.667524993
    0.000919844    0.670785964
    0.004406141    0.670785964
    0.000915904    0.674062788
    0.004349772    0.674062788
    0.000915904    0.677355647
    0.004312594    0.677355647
    0.000911982    0.680664599
    0.004275734    0.680664599
    0.000908076    0.683989704
    0.004221033    0.683989704
    0.000904187    0.687331021
    0.004184956    0.687331021
    0.000900314    0.690688729
    0.004149186    0.690688729
    0.000896459    0.694062769
    0.004096105    0.694062769
    0.000892619    0.697453320
    0.004061095    0.697453320
    0.000888797    0.700860441
    0.004009141    0.700860441
    0.000884990    0.704284191
    0.003974874    0.704284191
    0.000884990    0.707724690
    0.003940900    0.707724690
    0.000881200    0.711181998
    0.003890484    0.711181998
    0.000877426    0.714656174
    0.003857231    0.714656174
    0.000873668    0.718147337
    0.003807885    0.718147337
    0.000869927    0.721655548
    0.003775338    0.721655548
    0.000869927    0.725180924
    0.003743070    0.725180924
    0.000866201    0.728723526
    0.003695184    0.728723526
    0.000862491    0.732283354
    0.003663601    0.732283354
    0.000862491    0.735860646
    0.003616732    0.735860646
    0.000858797    0.739455402
    0.003570462    0.739455402
    0.000855119    0.743067682
    0.003539945    0.743067682
    0.000855119    0.746697664
    0.003494658    0.746697664
    0.000851457    0.750345349
    0.003464788    0.750345349
    0.000851457    0.754010856
    0.003420463    0.754010856
    0.000847811    0.757694244
    0.003391228    0.757694244
    0.000844180    0.761395633
    0.003362243    0.761395633
    0.000844180    0.765115142
    0.003319229    0.765115142
    0.000840564    0.768852770
    0.003290859    0.768852770
    0.000840564    0.772608697
    0.003248758    0.772608697
    0.000836964    0.776382923
    0.003207196    0.776382923
    0.000836964    0.780175626
    0.003179784    0.780175626
    0.000836964    0.783986866
    0.003139104    0.783986866
    0.000833380    0.787816703
    0.003112274    0.787816703
    0.000833380    0.791665256
    0.003072458    0.791665256
    0.000833380    0.795532644
    0.003033151    0.795532644
    0.000829811    0.799418867
    0.003007227    0.799418867
    0.000829811    0.803324103
    0.002968754    0.803324103
    0.000829811    0.807248414
    0.002930775    0.807248414
    0.000829811    0.811191916
    0.002893280    0.811191916
    0.000829811    0.815154612
    0.002856266    0.815154612
    0.000829811    0.819136739
    0.002819725    0.819136739
    0.000829811    0.823138297
    0.002795625    0.823138297
    0.000829811    0.827159405
    0.002759860    0.827159405
    0.000829811    0.831200182
    0.002724552    0.831200182
    0.000826257    0.835260630
    0.002689696    0.835260630
    0.000826257    0.839340985
    0.002655287    0.839340985
    0.000826257    0.843441248
    0.002632592    0.843441248
    0.000826257    0.847561538
    0.002598912    0.847561538
    0.000829811    0.851701915
    0.002565664    0.851701915
    0.000829811    0.855862558
    0.002532841    0.855862558
    0.000829811    0.860043526
    0.002500438    0.860043526
    0.000829811    0.864244938
    0.002468449    0.864244938
    0.000833380    0.868466854
    0.002436870    0.868466854
    0.000833380    0.872709394
    0.002405694    0.872709394
    0.000833380    0.876972675
    0.002374918    0.876972675
    0.000833380    0.881256759
    0.002344535    0.881256759
    0.000836964    0.885561764
    0.002304628    0.885561764
    0.000836964    0.889887810
    0.002275144    0.889887810
    0.000840564    0.894235015
    0.002246038    0.894235015
    0.000840564    0.898603380
    0.002217304    0.898603380
    0.000844180    0.902993143
    0.002179563    0.902993143
    0.000847811    0.907404363
    0.002151679    0.907404363
    0.000847811    0.911837101
    0.002124152    0.911837101
    0.000851457    0.916291535
    0.002087997    0.916291535
    0.000855119    0.920767665
    0.002061285    0.920767665
    0.000858797    0.925265729
    0.002034914    0.925265729
    0.000858797    0.929785728
    0.002008881    0.929785728
    0.000862491    0.934327841
    0.001974687    0.934327841
    0.000869927    0.938892126
    0.001941076    0.938892126
    0.000873668    0.943478703
    0.001908037    0.943478703
    0.000877426    0.948087633
    0.001875560    0.948087633
    0.000884990    0.952719152
    0.001843635    0.952719152
    0.000888797    0.957373261
    0.001820049    0.957373261
    0.000892619    0.962050140
    0.001789070    0.962050140
    0.000900314    0.966749787
    0.001758618    0.966749787
    0.000908076    0.971472442
    0.001728684    0.971472442
    0.000911982    0.976218164
    0.001699260    0.976218164
    0.000919844    0.980987072
    0.001663183    0.980987072
    0.000931764    0.985779285
    0.001634874    0.985779285
    0.000939796    0.990594923
    0.001600164    0.990594923
    0.000951975    0.995434046
    0.001559483    0.995434046
    0.000968460    1.000296831
    0.001519837    1.000296831
    0.000985229    1.005183339
    0.001481198    1.005183339
    0.001002289    1.010093808
    0.001437360    1.010093808
    0.001024031    1.015028119
    0.001388845    1.015028119
    0.001046243    1.019986629
    0.001341968    1.019986629
    0.001096822    1.024969459
    0.001280085    1.024969459