    0.000877426    2.192147017
    0.001120614    2.192147017
    0.000819195    2.202855825
    0.001210618    2.202855825
    0.000781418    2.213616848
    0.001285591    2.213616848
    0.000751810    2.224430561
    0.001347740    2.224430561
    0.000726434    2.235297203
    0.001400818    2.235297203
    0.000704934    2.246216774
    0.001455987    2.246216774
    0.000684071    2.257189751
    0.001506847    2.257189751
    0.000666680    2.268216372
    0.001559483    2.268216372
    0.000649731    2.279296637
    0.001613959    2.279296637
    0.000635936    2.290431261
    0.001663183    2.290431261
    0.000622435    2.301620245
    0.001713909    2.301620245
    0.000609220    2.312863827
    0.001758618    2.312863827
    0.000596286    2.324162483
    0.001812255    2.324162483
    0.000586136    2.335516214
    0.001859529    2.335516214
    0.000573692    2.346925259
    0.001908037    2.346925259
    0.000563927    2.358390331
    0.001957810    2.358390331
    0.000556713    2.369911194
    0.002008881    2.369911194
    0.000547237    2.381488323
    0.002052457    2.381488323
    0.000537922    2.393122196
    0.002096977    2.393122196
    0.000528766    2.404812813
    0.002151679    2.404812813
    0.000522001    2.416560650
    0.002198352    2.416560650
    0.000513116    2.428365707
    0.002246038    2.428365707
    0.000506552    2.440228462
    0.002304628    2.440228462
    0.000500072    2.452149153
    0.002354619    2.452149153
    0.000493674    2.464128256
    0.002405694    2.464128256
    0.000487358    2.476165771
    0.002457877    2.476165771
    0.000481123    2.488261938
    0.002500438    2.488261938
    0.000477011    2.500417471
    0.002543735    2.500417471
    0.000470909    2.512632132
    0.002598912    2.512632132
    0.000466884    2.524906635
    0.002643915    2.524906635
    0.000460911    2.537240982
    0.002689696    2.537240982
    0.000456971    2.549635649
    0.002748040    2.549635649
    0.000453066    2.562090874
    0.002795625    2.562090874
    0.000447269    2.574606895
    0.002856266    2.574606895
    0.000443447    2.587184191
    0.002905725    2.587184191
    0.000439656    2.599822760
    0.002956040    2.599822760
    0.000435899    2.612523079
    0.002994348    2.612523079
    0.000432173    2.625285387
    0.003046197    2.625285387
    0.000430322    2.638110161
    0.003085673    2.638110161
    0.000426644    2.650997639
    0.003139104    2.650997639
    0.000422998    2.663948059
    0.003193461    2.663948059
    0.000419382    2.676961660
    0.003234845    2.676961660
    0.000417586    2.690038919
    0.003290859    2.690038919
    0.000414017    2.703179836
    0.003333505    2.703179836
    0.000410478    2.716385126
    0.003391228    2.716385126
    0.000408720    2.729655027
    0.003435175    2.729655027
    0.000406970    2.742989540
    0.003479691    2.742989540
    0.000406970    2.756389380
    0.003509689    2.756389380
    0.000405227    2.769854546
    0.003555171    2.769854546
    0.000403491    2.783385515
    0.003601242    2.783385515
    0.000401763    2.796982527
    0.003647911    2.796982527
    0.000400043    2.810646057
    0.003679359    2.810646057
    0.000398329    2.824376345
    0.003727040    2.824376345
    0.000396624    2.838173628
    0.003775338    2.838173628
    0.000396624    2.852038383
    0.003824263    2.852038383
    0.000396624    2.865970850
    0.003857231    2.865970850
    0.000394925    2.879971266
    0.003873822    2.879971266
    0.000394925    2.894040108
    0.003907217    2.894040108
    0.000394925    2.908177853
    0.003940900    2.908177853
    0.000394925    2.922384501
    0.003974874    2.922384501
    0.000394925    2.936660528
    0.004009141    2.936660528
    0.000394925    2.951006413
    0.004043703    2.951006413
    0.000394925    2.965422392
    0.004078562    2.965422392
    0.000394925    2.979908705
    0.004113723    2.979908705
    0.000394925    2.994465828
    0.004149186    2.994465828
    0.000396624    3.009094238
    0.004167033    3.009094238
    0.000398329    3.023793936
    0.004167033    3.023793936
    0.000398329    3.038565397
    0.004184956    3.038565397
    0.000400043    3.053409100
    0.004202956    3.053409100
    0.000401763    3.068325281
    0.004221033    3.068325281
    0.000403491    3.083314419
    0.004239189    3.083314419
    0.000403491    3.098376513
    0.004275734    3.098376513
    0.000405227    3.113512516
    0.004294124    3.113512516
    0.000406970    3.128722191
    0.004312594    3.128722191
    0.000408720    3.144006252
    0.004331143    3.144006252
    0.000410478    3.159365177
    0.004331143    3.159365177
    0.000414017    3.174798727
    0.004331143    3.174798727
    0.000415798    3.190308094
    0.004331143    3.190308094
    0.000419382    3.205893040
    0.004331143    3.205893040
    0.000421186    3.221554041
    0.004331143    3.221554041
    0.000424817    3.237291574
    0.004349772    3.237291574
    0.000428479    3.253106117
    0.004349772    3.253106117
    0.000430322    3.268997669
    0.004349772    3.268997669
    0.000434032    3.284967184
    0.004349772    3.284967184
    0.000437774    3.301014423
    0.004349772    3.301014423
    0.000441547    3.317140341
    0.004349772    3.317140341
    0.000445354    3.333344698
    0.004331143    3.333344698
    0.000449193    3.349628448
    0.004331143    3.349628448
    0.000453066    3.365991592
    0.004312594    3.365991592
    0.000456971    3.382434845
    0.004312594    3.382434845
    0.000462893    3.398958445
    0.004294124    3.398958445
    0.000466884    3.415562630
    0.004275734    3.415562630
    0.000470909    3.432247877
    0.004275734    3.432247877
    0.000474968    3.449014664
    0.004257422    3.449014664
    0.000481123    3.465863466
    0.004257422    3.465863466
    0.000485271    3.482794523
    0.004239189    3.482794523
    0.000491560    3.499808311
    0.004202956    3.499808311
    0.000497930    3.516905069
    0.004184956    3.516905069
    0.000504383    3.534085512
    0.004167033    3.534085512
    0.000508731    3.551349878
    0.004149186    3.551349878
    0.000515323    3.568698645
    0.004113723    3.568698645
    0.000522001    3.586132050
    0.004096105    3.586132050
    0.000528766    3.603650570
    0.004078562    3.603650570
    0.000535618    3.621254683
    0.004043703    3.621254683
    0.000544893    3.638944864
    0.004026385    3.638944864
    0.000551954    3.656721354
    0.003991971    3.656721354
    0.000559107    3.674584866
    0.003957851    3.674584866
    0.000566353    3.692535639
    0.003940900    3.692535639
    0.000576159    3.710573912
    0.003907217    3.710573912
    0.000583626    3.728700399
    0.003873822    3.728700399
    0.000591189    3.746915340
    0.003840712    3.746915340
    0.000601426    3.765219450
    0.003807885    3.765219450
    0.000609220    3.783612967
    0.003759170    3.783612967
    0.000619769    3.802096128
    0.003727040    3.802096128
    0.000630501    3.820669651
    0.003695184    3.820669651
    0.000641419    3.839334011
    0.003647911    3.839334011
    0.000649731    3.858089447
    0.003616732    3.858089447
    0.000660982    3.876936674
    0.003570462    3.876936674
    0.000672427    3.895875692
    0.003524784    3.895875692
    0.000684071    3.914907455
    0.003494658    3.914907455
    0.000695916    3.934032202
    0.003449950    3.934032202
    0.000707966    3.953250170
    0.003405814    3.953250170
    0.000723323    3.972562313
    0.003362243    3.972562313
    0.000735848    3.991968632
    0.003305013    3.991968632
    0.000751810    4.011469841
    0.003262731    4.011469841
    0.000764828    4.031065941
    0.003220991    4.031065941
    0.000778072    4.050758362
    0.003166166    4.050758362
    0.000791545    4.070546627
    0.003125660    4.070546627
    0.000808715    4.090431213
    0.003072458    4.090431213
    0.000826257    4.110413551
    0.003020161    4.110413551
    0.000840564    4.130493164
    0.002956040    4.130493164
    0.000862491    4.150671005
    0.002905725    4.150671005
    0.000881200    4.170947552
    0.002844034    4.170947552
    0.000904187    4.191322803
    0.002795625    4.191322803
    0.000923800    4.211797714
    0.002736271    4.211797714
    0.000947898    4.232372761
    0.002678177    4.232372761
    0.000968460    4.253048420
    0.002621317    4.253048420
    0.000993723    4.273824692
    0.002565664    4.273824692
    0.001019645    4.294703007
    0.002500438    4.294703007
    0.001046243    4.315682888
    0.002436870    4.315682888
    0.001078153    4.336765289
    0.002364746    4.336765289
    0.001115815    4.357950687
    0.002284930    4.357950687
    0.001154792    4.379240036
    0.002207808    4.379240036
    0.001200271    4.400632858
    0.002133288    4.400632858
    0.001258296    4.422130108
    0.002043667    4.422130108
    0.001313477    4.443732738
    0.001949425    4.443732738
    0.001406843    4.465440750
    0.001820049    4.465440750