    0.925867379    0.022682164
    0.914022505    0.022792967
    0.906210303    0.022904314
    0.894616902    0.023016203
    0.886970520    0.023128640
    0.875623345    0.023241624
    0.868139267    0.023355162
    0.857032955    0.023469254
    0.849707842    0.023583904
    0.838837326    0.023699114
    0.831667721    0.023814885
    0.821028054    0.023931224
    0.814010620    0.024048129
    0.803596795    0.024165606
    0.796728313    0.024283659
    0.789918602    0.024402285
    0.779812992    0.024521492
    0.773147881    0.024641283
    0.766539693    0.024761658
    0.756733179    0.024882620
    0.750265300    0.025004175
    0.740666986    0.025126321
    0.734336436    0.025249066
    0.724941909    0.025372410
    0.718745768    0.025496356
    0.712602556    0.025620908
    0.703486085    0.025746068
    0.697473347    0.025871839
    0.691511989    0.025998225
    0.682665288    0.026125230
    0.676830471    0.026252855
    0.671045542    0.026381101
    0.662460685    0.026509976
    0.656798542    0.026639480
    0.651184857    0.026769616
    0.645619094    0.026900388
    0.640100956    0.027031800
    0.631911993    0.027163852
    0.626510978    0.027296551
    0.621156096    0.027429895
    0.615846992    0.027563892
    0.607968330    0.027698545
    0.602771997    0.027833855
    0.597620010    0.027969826
    0.592512131    0.028106460
    0.584931970    0.028243763
    0.579932511    0.028381735
    0.574975729    0.028520383
    0.567619979    0.028659707
    0.562768459    0.028799713
    0.557958424    0.028940402
    0.550820351    0.029081779
    0.546112418    0.029223846
    0.541444719    0.029366607
    0.534517944    0.029510066
    0.529949367    0.029654225
    0.525419831    0.029799089
    0.518697977    0.029944660
    0.514264643    0.030090943
    0.509869158    0.030237939
    0.503346264    0.030385654
    0.499044120    0.030534092
    0.494778752    0.030683253
    0.488448918    0.030833144
    0.484274119    0.030983767
    0.480134964    0.031135125
    0.473992497    0.031287223
    0.469941229    0.031440064
    0.465924591    0.031593651
    0.459963918    0.031747989
    0.456032574    0.031903081
    0.450198442    0.032058928
    0.446350545    0.032215539
    0.442535549    0.032372914
    0.436874092    0.032531060
    0.433140069    0.032689977
    0.429437965    0.032849669
    0.423944086    0.033010144
    0.420320600    0.033171400
    0.416728079    0.033333447
    0.413166255    0.033496283
    0.409634888    0.033659916
    0.404394329    0.033824347
    0.400937915    0.033989582
    0.397511065    0.034155626
    0.394113511    0.034322478
    0.390744984    0.034490146
    0.387405246    0.034658633
    0.382449090    0.034827944
    0.379180253    0.034998082
    0.375939339    0.035169050
    0.371129870    0.035340853
    0.367957801    0.035513498
    0.364812821    0.035686985
    0.361694723    0.035861317
    0.357067496    0.036036506
    0.354015589    0.036212545
    0.350989789    0.036389448
    0.346499503    0.036567215
    0.343537927    0.036745846
    0.340601683    0.036925353
    0.337690502    0.037105739
    0.333370358    0.037287004
    0.330521017    0.037469152
    0.327696025    0.037652194
    0.324895173    0.037836127
    0.322118253    0.038020961
    0.317997307    0.038206697
    0.315279365    0.038393341
    0.312584639    0.038580894
    0.308585674    0.038769364
    0.305948168    0.038958758
    0.303333193    0.039149076
    0.299452603    0.039340321
    0.296893150    0.039532501
    0.294355571    0.039725624
    0.291839689    0.039919686
    0.288106114    0.040114697
    0.285643637    0.040310662
    0.281989336    0.040507581
    0.279579133    0.040705465
    0.277189553    0.040904313
    0.929849625    0.040904313
    0.273643404    0.041104134
    0.921902120    0.041104134
    0.271304548    0.041304935
    0.914022505    0.041304935
    0.268985659    0.041506711
    0.902329206    0.041506711
    0.266686618    0.041709475
    0.894616902    0.041709475
    0.264407218    0.041913230
    0.883171916    0.041913230
    0.262147307    0.042117979
    0.875623345    0.042117979
    0.259906709    0.042323731
    0.868139267    0.042323731
    0.256581664    0.042530484
    0.857032955    0.042530484
    0.254388630    0.042738251
    0.849707842    0.042738251
    0.252214342    0.042947032
    0.842445314    0.042947032
    0.250058651    0.043156829
    0.835244834    0.043156829
    0.247921377    0.043367654
    0.824559391    0.043367654
    0.245802373    0.043579511
    0.817511797    0.043579511
    0.242657766    0.043792401
    0.810524404    0.043792401
    0.240583733    0.044006329
    0.800155163    0.044006329
    0.238527447    0.044221304
    0.793316185    0.044221304
    0.236488730    0.044437330
    0.783167064    0.044437330
    0.234467432    0.044654410
    0.776473284    0.044654410
    0.231467843    0.044872552
    0.769836664    0.044872552
    0.229489461    0.045091756
    0.763256788    0.045091756
    0.227527991    0.045312036
    0.756733179    0.045312036
    0.225583285    0.045533389
    0.747052133    0.045533389
    0.222697347    0.045755822
    0.740666986    0.045755822
    0.220793933    0.045979343
    0.731191456    0.045979343
    0.218906790    0.046203956
    0.724941909    0.046203956
    0.217035770    0.046429668
    0.718745768    0.046429668
    0.215180740    0.046656482
    0.712602556    0.046656482
    0.213341564    0.046884403
    0.703486085    0.046884403
    0.210612237    0.047113437
    0.697473347    0.047113437
    0.208812118    0.047343589
    0.691511989    0.047343589
    0.207027376    0.047574867
    0.685601532    0.047574867
    0.205257893    0.047807276
    0.679741621    0.047807276
    0.202631980    0.048040818
    0.671045542    0.048040818
    0.200900063    0.048275501
    0.665310025    0.048275501
    0.199182957    0.048511334
    0.656798542    0.048511334
    0.197480515    0.048748314
    0.651184857    0.048748314
    0.194954097    0.048986454
    0.645619094    0.048986454
    0.193287805    0.049225759
    0.637359560    0.049225759
    0.191635758    0.049466230
    0.631911993    0.049466230
    0.189184114    0.049707878
    0.626510978    0.049707878
    0.187567145    0.049950704
    0.621156096    0.049950704
    0.185963988    0.050194718
    0.615846992    0.050194718
    0.184374541    0.050439924
    0.607968330    0.050439924
    0.182015792    0.050686326
    0.602771997    0.050686326
    0.180460081    0.050933935
    0.597620010    0.050933935
    0.178917676    0.051182751
    0.589974523    0.051182751
    0.176628739    0.051432781
    0.584931970    0.051432781
    0.175119072    0.051684037
    0.579932511    0.051684037
    0.173622310    0.051936518
    0.574975729    0.051936518
    0.171401113    0.052190233
    0.570061386    0.052190233
    0.169936135    0.052445184
    0.565189004    0.052445184
    0.168483675    0.052701384
    0.557958424    0.052701384
    0.167043626    0.052958835
    0.553189516    0.052958835
    0.164906606    0.053217545
    0.548461318    0.053217545
    0.163497135    0.053477515
    0.541444719    0.053477515
    0.162099704    0.053738758
    0.536816955    0.053738758
    0.160714224    0.054001275
    0.529949367    0.054001275
    0.159340575    0.054265078
    0.525419831    0.054265078
    0.157302096    0.054530166
    0.520928979    0.054530166
    0.155957624    0.054796554
    0.516476572    0.054796554
    0.154624641    0.055064239
    0.512062192    0.055064239
    0.153303042    0.055333231
    0.505511284    0.055333231
    0.151341811    0.055603541
    0.501190603    0.055603541
    0.150048271    0.055875167
    0.494778752    0.055875167
    0.148765802    0.056148123
    0.490549833    0.056148123
    0.147494286    0.056422412
    0.486357033    0.056422412
    0.145607352    0.056698039
    0.482200086    0.056698039
    0.144362822    0.056975015
    0.476031214    0.056975015
    0.143128946    0.057253342
    0.471962512    0.057253342
    0.141905606    0.057533033
    0.467928618    0.057533033
    0.140692726    0.057814084
    0.463929176    0.057814084
    0.138892815    0.058096513
    0.457994044    0.058096513
    0.137705684    0.058380321
    0.454079509    0.058380321
    0.136528701    0.058665510
    0.448270380    0.058665510
    0.135361776    0.058952097
    0.444438964    0.058952097
    0.133630052    0.059240084
    0.440640271    0.059240084
    0.132487908    0.059529476
    0.436874092    0.059529476
    0.131355524    0.059820283
    0.431285053    0.059820283
    0.130232811    0.060112514
    0.427598804    0.060112514
    0.128566712    0.060406167
    0.423944086    0.060406167
    0.127467841    0.060701258
    0.420320600    0.060701258
    0.126378357    0.060997788
    0.416728079    0.060997788
    0.124761574    0.061295770
    0.411396772    0.061295770
    0.123695225    0.061595205
    0.407880515    0.061595205
    0.122637987    0.061896104
    0.402662426    0.061896104
    0.121069051    0.062198471
    0.399220824    0.062198471
    0.120034263    0.062502317
    0.395808637    0.062502317
    0.119008318    0.062807642
    0.392425627    0.062807642
    0.117485814    0.063114464
    0.389071524    0.063114464
    0.116481654    0.063422784
    0.384094059    0.063422784
    0.114991479    0.063732609
    0.380811155    0.063732609
    0.114008635    0.064043954
    0.377556324    0.064043954
    0.113034189    0.064356811
    0.372726172    0.064356811
    0.112068072    0.064671203
    0.369540423    0.064671203
    0.110634364    0.064987123
    0.366381943    0.064987123
    0.109688759    0.065304592
    0.361694723    0.065304592
    0.108751237    0.065623611
    0.358603269    0.065623611
    0.107359961    0.065944187
    0.355538249    0.065944187
    0.106442347    0.066266328
    0.352499425    0.066266328
    0.105532572    0.066590048
    0.349486589    0.066590048
    0.104182467    0.066915348
    0.346499503    0.066915348
    0.103292011    0.067242235
    0.342066646    0.067242235
    0.101970568    0.067570716
    0.339142978    0.067570716
    0.101099022    0.067900807
    0.334804237    0.067900807
    0.100234911    0.068232507
    0.331942618    0.068232507
    0.099378198    0.068565831
    0.329105467    0.068565831
    0.098106831    0.068900779
    0.324895173    0.068900779
    0.097268298    0.069237366
    0.322118253    0.069237366
    0.096436940    0.069575600
    0.319365054    0.069575600
    0.095203198    0.069915481
    0.316635430    0.069915481
    0.094389491    0.070257023
    0.313929111    0.070257023
    0.093582734    0.070600234
    0.309912950    0.070600234
    0.092782870    0.070945121
    0.307264090    0.070945121
    0.091989845    0.071291700
    0.303333193    0.071291700
    0.091203600    0.071639962
    0.300740570    0.071639962
    0.090036817    0.071989931
    0.298170120    0.071989931
    0.089267261    0.072341606
    0.294355571    0.072341606
    0.088504285    0.072695002
    0.291839689    0.072695002
    0.087747827    0.073050126
    0.289345294    0.073050126
    0.086997837    0.073406979
    0.286872238    0.073406979
    0.085884854    0.073765583
    0.284420311    0.073765583
    0.085150786    0.074125931
    0.280781657    0.074125931
    0.084422991    0.074488044
    0.278381795    0.074488044
    0.083701424    0.074851930
    0.276002407    0.074851930
    0.082630612    0.075217582
    0.272471458    0.075217582
    0.081924357    0.075585030
    0.270142615    0.075585030
    0.081224144    0.075954266
    0.266686618    0.075954266
    0.080185026    0.076325312
    0.264407218    0.076325312
    0.079499677    0.076698169
    0.262147307    0.076698169
    0.078820184    0.077072844
    0.259906709    0.077072844
    0.077811822    0.077449352
    0.257685244    0.077449352
    0.077146754    0.077827699
    0.254388630    0.077827699
    0.076487377    0.078207895
    0.252214342    0.078207895
    0.075833626    0.078589946
    0.250058651    0.078589946
    0.074863471    0.078973867
    0.246859595    0.078973867
    0.074223600    0.079359658
    0.244749665    0.079359658
    0.073589206    0.079747334
    0.242657766    0.079747334
    0.072960235    0.080136910
    0.239553392    0.080136910
    0.072026834    0.080528386
    0.237505898    0.080528386
    0.071411215    0.080921777
    0.235475913    0.080921777
    0.070800856    0.081317082
    0.233463272    0.081317082
    0.070195712    0.081714325
    0.231467843    0.081714325
    0.069297686    0.082113512
    0.228506625    0.082113512
    0.068705395    0.082514644
    0.226553559    0.082514644
    0.068118162    0.082917735
    0.224617183    0.082917735
    0.067246713    0.083322793
    0.221743599    0.083322793
    0.066671945    0.083729833
    0.219848335    0.083729833
    0.066102095    0.084138863
    0.217969269    0.084138863
    0.065256432    0.084549889
    0.216106266    0.084549889
    0.064698681    0.084962919
    0.214259177    0.084962919
    0.064145692    0.085377976
    0.212427884    0.085377976
    0.063325062    0.085795052
    0.209710255    0.085795052
    0.062783815    0.086214170
    0.207917839    0.086214170
    0.062247194    0.086635336
    0.205257893    0.086635336
    0.061715163    0.087058559
    0.203503534    0.087058559
    0.060925629    0.087483846
    0.201764166    0.087483846
    0.060404889    0.087911211
    0.199182957    0.087911211
    0.059888605    0.088340662
    0.197480515    0.088340662
    0.059376732    0.088772215
    0.195792630    0.088772215
    0.058869231    0.089205876
    0.194119170    0.089205876
    0.058366071    0.089641653
    0.192460015    0.089641653
    0.057867210    0.090079561
    0.189997822    0.090079561
    0.057372615    0.090519607
    0.188373893    0.090519607
    0.056882244    0.090961806
    0.186763853    0.090961806
    0.056154538    0.091406159
    0.184374541    0.091406159
    0.055674579    0.091852687
    0.182798669    0.091852687
    0.055198722    0.092301399
    0.181236267    0.092301399
    0.054726932    0.092752300
    0.179687217    0.092752300
    0.054259174    0.093205400
    0.177388445    0.093205400
    0.053565025    0.093660720
    0.175872281    0.093660720
    0.053107198    0.094118260
    0.174369082    0.094118260
    0.052653287    0.094578035
    0.172878727    0.094578035
    0.052203253    0.095040061
    0.170667052    0.095040061
    0.051757067    0.095504336
    0.169208348    0.095504336
    0.051094927    0.095970884
    0.167043626    0.095970884
    0.050658215    0.096439712
    0.165615886    0.096439712
    0.050225232    0.096910827
    0.164200351    0.096910827
    0.049795952    0.097384244
    0.162796915    0.097384244
    0.049158901    0.097859979
    0.161405474    0.097859979
    0.048738737    0.098338030
    0.160025924    0.098338030
    0.048322160    0.098818421
    0.158658162    0.098818421
    0.047909148    0.099301159
    0.156628415    0.099301159
    0.047499660    0.099786252
    0.155289710    0.099786252
    0.046891987    0.100273721
    0.153303042    0.100273721
    0.046491198    0.100763567
    0.151992753    0.100763567
    0.046093833    0.101255804
    0.150693655    0.101255804
    0.045699865    0.101750448
    0.148765802    0.101750448
    0.045115218    0.102247506
    0.147494286    0.102247506
    0.044729613    0.102746993
    0.146233633    0.102746993
    0.044347305    0.103248924
    0.144983754    0.103248924
    0.043968260    0.103753299
    0.143744558    0.103753299
    0.043405768    0.104260147
    0.142515957    0.104260147
    0.043034773    0.104769468
    0.140692726    0.104769468
    0.042666949    0.105281271
    0.139490202    0.105281271
    0.042302269    0.105795585
    0.137705684    0.105795585
    0.041761089    0.106312402
    0.136528701    0.106312402
    0.041404150    0.106831744
    0.135361776    0.106831744
    0.041050266    0.107353628
    0.134204820    0.107353628
    0.040525101    0.107878067
    0.133057758    0.107878067
    0.040178727    0.108405061
    0.131920502    0.108405061
    0.039835319    0.108934626
    0.130792961    0.108934626
    0.039325695    0.109466784
    0.129119694    0.109466784
    0.038989574    0.110001534
    0.128016099    0.110001534
    0.038656328    0.110538907
    0.126921937    0.110538907
    0.038325928    0.111078896
    0.125298187    0.111078896
    0.037998352    0.111621529
    0.124227256    0.111621529
    0.037673578    0.112166807
    0.123165473    0.112166807
    0.037191611    0.112714753
    0.122112766    0.112714753
    0.036873728    0.113265373
    0.120550543    0.113265373
    0.036558565    0.113818683
    0.119520187    0.113818683
    0.036246095    0.114374697
    0.118498638    0.114374697
    0.035936296    0.114933431
    0.117485814    0.114933431
    0.035629146    0.115494892
    0.115982793    0.115494892
    0.035173334    0.116059095
    0.114991479    0.116059095
    0.034872703    0.116626047
    0.113520369    0.116626047
    0.034574643    0.117195778
    0.112550095    0.117195778
    0.034279130    0.117768288
    0.111588120    0.117768288
    0.033986144    0.118343599
    0.110634364    0.118343599
    0.033551350    0.118921719
    0.109218992    0.118921719
    0.033264585    0.119502664
    0.108285487    0.119502664
    0.032980267    0.120086446
    0.107359961    0.120086446
    0.032558344    0.120673075
    0.106442347    0.120673075
    0.032280065    0.121262580
    0.105080605    0.121262580
    0.032004163    0.121854953
    0.104182467    0.121854953
    0.031730622    0.122450233
    0.103292011    0.122450233
    0.031459417    0.123048410
    0.101970568    0.123048410
    0.031190528    0.123649515
    0.101099022    0.123649515
    0.030791501    0.124253549
    0.100234911    0.124253549
    0.030528322    0.124860540
    0.099378198    0.124860540
    0.030267393    0.125470489
    0.098528802    0.125470489
    0.030008694    0.126083434
    0.097686663    0.126083434
    0.029624788    0.126699358
    0.096436940    0.126699358
    0.029371582    0.127318293
    0.095612682    0.127318293
    0.029120540    0.127940252
    0.094389491    0.127940252
    0.028871644    0.128565252
    0.093582734    0.128565252
    0.028502282    0.129193306
    0.092782870    0.129193306
    0.028258670    0.129824430
    0.091595881    0.129824430
    0.028017141    0.130458638
    0.090813003    0.130458638
    0.027658712    0.131095931
    0.090036817    0.131095931
    0.027422309    0.131736353
    0.089267261    0.131736353
    0.027187927    0.132379889
    0.088504285    0.132379889
    0.026840106    0.133026585
    0.087372027    0.133026585
    0.026610700    0.133676425
    0.086625248    0.133676425
    0.026383257    0.134329453
    0.085884854    0.134329453
    0.026157755    0.134985656
    0.084786110    0.134985656
    0.025823114    0.135645077
    0.084061436    0.135645077
    0.025602402    0.136307716
    0.083342955    0.136307716
    0.025383575    0.136973590
    0.082630612    0.136973590
    0.025166620    0.137642711
    0.081573501    0.137642711
    0.024844658    0.138315111
    0.080876283    0.138315111
    0.024632307    0.138990790
    0.080185026    0.138990790
    0.024421772    0.139669776
    0.079499677    0.139669776
    0.024109339    0.140352085
    0.078482620    0.140352085
    0.023903275    0.141037717
    0.077811822    0.141037717
    0.023698971    0.141726688
    0.077146754    0.141726688
    0.023496414    0.142419040
    0.076159798    0.142419040
    0.023295587    0.143114775
    0.075508855    0.143114775
    0.023096478    0.143813893
    0.074863471    0.143813893
    0.022800999    0.144516438
    0.074223600    0.144516438
    0.022606116    0.145222425
    0.073589206    0.145222425
    0.022412900    0.145931840
    0.072960235    0.145931840
    0.022221334    0.146644726
    0.072026834    0.146644726
    0.022031406    0.147361100
    0.071105383    0.147361100
    0.021749554    0.148080975
    0.070497639    0.148080975
    0.021563658    0.148804367
    0.069895089    0.148804367
    0.021379352    0.149531290
    0.069000907    0.149531290
    0.021196619    0.150261760
    0.068411149    0.150261760
    0.021015450    0.150995806
    0.067826428    0.150995806
    0.020746594    0.151733443
    0.067246713    0.151733443
    0.020569270    0.152474672
    0.066671945    0.152474672
    0.020393463    0.153219521
    0.065818995    0.153219521
    0.020219158    0.153968006
    0.065256432    0.153968006
    0.020046344    0.154720157
    0.064421594    0.154720157
    0.019875005    0.155475989
    0.063870974    0.155475989
    0.019620741    0.156235501
    0.063325062    0.156235501
    0.019453039    0.156998724
    0.062514931    0.156998724
    0.019286772    0.157765672
    0.061980609    0.157765672
    0.019121926    0.158536375
    0.061450854    0.158536375
    0.018958490    0.159310833
    0.060925629    0.159310833
    0.018715950    0.160089090
    0.060404889    0.160089090
    0.018555982    0.160871133
    0.059888605    0.160871133
    0.018397382    0.161657006
    0.059122436    0.161657006
    0.018240137    0.162446707
    0.058617111    0.162446707
    0.018006787    0.163240284
    0.057867210    0.163240284
    0.017852882    0.164037719
    0.057372615    0.164037719
    0.017700290    0.164839059
    0.056638632    0.164839059
    0.017549004    0.165644318
    0.056154538    0.165644318
    0.017324496    0.166453496
    0.055674579    0.166453496
    0.017176421    0.167266637
    0.055198722    0.167266637
    0.017029613    0.168083757
    0.054726932    0.168083757
    0.016811749    0.168904856
    0.054259174    0.168904856
    0.016668057    0.169729978
    0.053565025    0.169729978
    0.016525595    0.170559123
    0.053107198    0.170559123
    0.016384348    0.171392307
    0.052427787    0.171392307
    0.016244309    0.172229588
    0.051979680    0.172229588
    0.016036492    0.173070937
    0.051535405    0.173070937
    0.015899427    0.173916399
    0.051094927    0.173916399
    0.015763532    0.174766004
    0.050441261    0.174766004
    0.015628800    0.175619751
    0.050010134    0.175619751
    0.015428858    0.176477671
    0.049582690    0.176477671
    0.015296986    0.177339777
    0.049158901    0.177339777
    0.015166242    0.178206101
    0.048738737    0.178206101
    0.015036614    0.179076657
    0.048115209    0.179076657
    0.014844247    0.179951459
    0.047703966    0.179951459
    0.014717371    0.180830538
    0.047296233    0.180830538
    0.014591580    0.181713909
    0.046691164    0.181713909
    0.014466865    0.182601601
    0.046292089    0.182601601
    0.014343215    0.183493614
    0.045896426    0.183493614
    0.014220622    0.184390008
    0.045504145    0.184390008
    0.014099077    0.185290769
    0.045115218    0.185290769
    0.013918704    0.186195925
    0.044729613    0.186195925
    0.013799740    0.187105507
    0.044157375    0.187105507
    0.013681792    0.188019529
    0.043779958    0.188019529
    0.013564852    0.188938022
    0.043219872    0.188938022
    0.013448912    0.189861000
    0.042850465    0.189861000
    0.013333963    0.190788493
    0.042302269    0.190788493
    0.013219996    0.191720515
    0.041940708    0.191720515
    0.013107004    0.192657083
    0.041582238    0.192657083
    0.012994977    0.193598226
    0.041226830    0.193598226
    0.012883907    0.194543973
    0.040874459    0.194543973
    0.012773788    0.195494339
    0.040525101    0.195494339
    0.012664609    0.196449354
    0.040006656    0.196449354
    0.012556362    0.197409019
    0.039664716    0.197409019
    0.012395726    0.198373392
    0.039157275    0.198373392
    0.012289778    0.199342459
    0.038822595    0.199342459
    0.012184736    0.200316265
    0.038490772    0.200316265
    0.012080592    0.201294824
    0.037998352    0.201294824
    0.011977338    0.202278167
    0.037673578    0.202278167
    0.011874966    0.203266323
    0.037351578    0.203266323
    0.011773470    0.204259291
    0.037032329    0.204259291
    0.011622850    0.205257118
    0.036715809    0.205257118
    0.011523508    0.206259817
    0.036246095    0.206259817
    0.011425016    0.207267419
    0.035936296    0.207267419
    0.011327364    0.208279938
    0.035476554    0.208279938
    0.011230549    0.209297389
    0.035173334    0.209297389
    0.011134560    0.210319832
    0.034872703    0.210319832
    0.010992113    0.211347267
    0.034574643    0.211347267
    0.010898163    0.212379709
    0.034132320    0.212379709
    0.010805015    0.213417202
    0.033840589    0.213417202
    0.010712663    0.214459777
    0.033551350    0.214459777
    0.010621101    0.215507433
    0.033264585    0.215507433
    0.010530321    0.216560200
    0.032980267    0.216560200
    0.010440317    0.217618123
    0.032558344    0.217618123
    0.010351082    0.218681201
    0.032280065    0.218681201
    0.010262610    0.219749480
    0.032004163    0.219749480
    0.010131319    0.220822975
    0.031594727    0.220822975
    0.010044726    0.221901715
    0.031324685    0.221901715
    0.009958872    0.222985730
    0.031056948    0.222985730
    0.009873752    0.224075034
    0.030791501    0.224075034
    0.009789361    0.225169659
    0.030528322    0.225169659
    0.009705690    0.226269633
    0.030267393    0.226269633
    0.009581523    0.227374971
    0.029880175    0.227374971
    0.009499629    0.228485718
    0.029624788    0.228485718
    0.009418434    0.229601890
    0.029245792    0.229601890
    0.009337935    0.230723515
    0.028995825    0.230723515
    0.009258122    0.231850624
    0.028747994    0.231850624
    0.009178991    0.232983232
    0.028380215    0.232983232
    0.009100538    0.234121382
    0.028137647    0.234121382
    0.009022755    0.235265091
    0.027897151    0.235265091
    0.008945636    0.236414373
    0.027658712    0.236414373
    0.008869177    0.237569287
    0.027422309    0.237569287
    0.008793371    0.238729835
    0.027187927    0.238729835
    0.008718213    0.239896044
    0.026840106    0.239896044
    0.008643698    0.241067961
    0.026496734    0.241067961
    0.008569819    0.242245600
    0.026270265    0.242245600
    0.008496572    0.243428990
    0.026045730    0.243428990
    0.008423951    0.244618163
    0.025712522    0.244618163
    0.008351951    0.245813146
    0.025492754    0.245813146
    0.008280566    0.247013956
    0.025274865    0.247013956
    0.008209791    0.248220637
    0.025058838    0.248220637
    0.008139621    0.249433219
    0.024844658    0.249433219
    0.008070051    0.250651717
    0.024526814    0.250651717
    0.008001075    0.251876175
    0.024317181    0.251876175
    0.007932689    0.253106624
    0.024006085    0.253106624
    0.007864888    0.254343063
    0.023800902    0.254343063
    0.007797665    0.255585551
    0.023597473    0.255585551
    0.007731018    0.256834120
    0.023295587    0.256834120
    0.007632114    0.258088768
    0.023096478    0.258088768
    0.007566881    0.259349555
    0.022899069    0.259349555
    0.007502206    0.260616511
    0.022703348    0.260616511
    0.007438084    0.261889637
    0.022509301    0.261889637
    0.007374510    0.263168991
    0.022221334    0.263168991
    0.007311480    0.264454603
    0.022031406    0.264454603
    0.007248987    0.265746504
    0.021843102    0.265746504
    0.007187030    0.267044693
    0.021563658    0.267044693
    0.007125601    0.268349230
    0.021379352    0.268349230
    0.007064698    0.269660145
    0.021196619    0.269660145
    0.007004315    0.270977467
    0.021015450    0.270977467
    0.006914707    0.272301197
    0.020746594    0.272301197
    0.006855607    0.273631424
    0.020569270    0.273631424
    0.006797011    0.274968117
    0.020393463    0.274968117
    0.006738917    0.276311368
    0.020219158    0.276311368
    0.006681318    0.277661175
    0.019960491    0.277661175
    0.006624212    0.279017568
    0.019789886    0.279017568
    0.006567595    0.280380607
    0.019536709    0.280380607
    0.006511461    0.281750292
    0.019369727    0.281750292
    0.006455807    0.283126652
    0.019204173    0.283126652
    0.006400628    0.284509748
    0.019040033    0.284509748
    0.006345921    0.285899609
    0.018877296    0.285899609
    0.006264736    0.287296265
    0.018715950    0.287296265
    0.006211191    0.288699716
    0.018555982    0.288699716
    0.006158104    0.290110052
    0.018318592    0.290110052
    0.006105470    0.291527241
    0.018162020    0.291527241
    0.006053286    0.292951405
    0.017929669    0.292951405
    0.006001547    0.294382483
    0.017776422    0.294382483
    0.005950252    0.295820564
    0.017624486    0.295820564
    0.005899394    0.297265679
    0.017399011    0.297265679
    0.005848971    0.298717856
    0.017250299    0.298717856
    0.005798980    0.300177097
    0.017102860    0.300177097
    0.005749415    0.301643491
    0.016956680    0.301643491
    0.005700274    0.303117067
    0.016811749    0.303117067
    0.005651554    0.304597795
    0.016596673    0.304597795
    0.005603249    0.306085795
    0.016454820    0.306085795
    0.005555357    0.307581067
    0.016244309    0.307581067
    0.005507875    0.309083611
    0.016105467    0.309083611
    0.005460799    0.310593516
    0.015899427    0.310593516
    0.005414125    0.312110782
    0.015763532    0.312110782
    0.005367850    0.313635498
    0.015628800    0.313635498
    0.005321970    0.315167636
    0.015495220    0.315167636
    0.005276483    0.316707253
    0.015296986    0.316707253
    0.005231384    0.318254381
    0.015166242    0.318254381
    0.005186671    0.319809079
    0.015036614    0.319809079
    0.005164458    0.321371377
    0.014844247    0.321371377
    0.005120317    0.322941333
    0.014717371    0.322941333
    0.005076553    0.324518919
    0.014529089    0.324518919
    0.005033163    0.326104224
    0.014404907    0.326104224
    0.004990144    0.327697277
    0.014281787    0.327697277
    0.004947493    0.329298109
    0.014159719    0.329298109
    0.004884198    0.330906749
    0.013978571    0.330906749
    0.004842453    0.332523257
    0.013859094    0.332523257
    0.004801064    0.334147662
    0.013740639    0.334147662
    0.004760028    0.335779995
    0.013623197    0.335779995
    0.004719344    0.337420315
    0.013448912    0.337420315
    0.004679007    0.339068651
    0.013333963    0.339068651
    0.004639016    0.340725034
    0.013163378    0.340725034
    0.004619148    0.342389494
    0.013050870    0.342389494
    0.004579667    0.344062090
    0.012939323    0.344062090
    0.004540524    0.345742881
    0.012773788    0.345742881
    0.004501716    0.347431868
    0.012664609    0.347431868
    0.004463240    0.349129081
    0.012556362    0.349129081
    0.004425092    0.350834608
    0.012449042    0.350834608
    0.004387270    0.352548480
    0.012289778    0.352548480
    0.004349772    0.354270697
    0.012184736    0.354270697
    0.004312594    0.356001347
    0.012080592    0.356001347
    0.004275734    0.357740462
    0.011926043    0.357740462
    0.004239189    0.359488040
    0.011824110    0.359488040
    0.004202956    0.361244172
    0.011672841    0.361244172
    0.004167033    0.363008887
    0.011573073    0.363008887
    0.004131417    0.364782214
    0.011474156    0.364782214
    0.004096105    0.366564214
    0.011376086    0.366564214
    0.004061095    0.368354917
    0.011278853    0.368354917
    0.004026385    0.370154351
    0.011134560    0.370154351
    0.003991971    0.371962607
    0.011039392    0.371962607
    0.003974874    0.373779655
    0.010898163    0.373779655
    0.003940900    0.375605613
    0.010805015    0.375605613
    0.003907217    0.377440482
    0.010712663    0.377440482
    0.003873822    0.379284322
    0.010575613    0.379284322
    0.003840712    0.381137162
    0.010485223    0.381137162
    0.003807885    0.382999033
    0.010395604    0.382999033
    0.003791577    0.384870023
    0.010262610    0.384870023
    0.003759170    0.386750162
    0.010174895    0.386750162
    0.003727040    0.388639450
    0.010087929    0.388639450
    0.003711078    0.390538007
    0.009958872    0.390538007
    0.003679359    0.392445803
    0.009831466    0.392445803
    0.003647911    0.394362926
    0.009747435    0.394362926
    0.003632288    0.396289438
    0.009664123    0.396289438
    0.003601242    0.398225337
    0.009540488    0.398225337
    0.003570462    0.400170714
    0.009458945    0.400170714
    0.003539945    0.402125597
    0.009378098    0.402125597
    0.003524784    0.404090017
    0.009297943    0.404090017
    0.003494658    0.406064034
    0.009178991    0.406064034
    0.003464788    0.408047676
    0.009100538    0.408047676
    0.003449950    0.410041034
    0.008984112    0.410041034
    0.003420463    0.412044108
    0.008907325    0.412044108
    0.003391228    0.414056987
    0.008793371    0.414056987
    0.003376704    0.416079700
    0.008718213    0.416079700
    0.003347843    0.418112278
    0.008606679    0.418112278
    0.003319229    0.420154810
    0.008533117    0.420154810
    0.003305013    0.422207296
    0.008460184    0.422207296
    0.003276765    0.424269825
    0.008351951    0.424269825
    0.003248758    0.426342428
    0.008280566    0.426342428
    0.003220991    0.428425133
    0.008209791    0.428425133
    0.003207196    0.430518031
    0.008104761    0.430518031
    0.003179784    0.432621151
    0.008001075    0.432621151
    0.003152606    0.434734553
    0.007932689    0.434734553
    0.003139104    0.436858267
    0.007864888    0.436858267
    0.003112274    0.438992351
    0.007764271    0.438992351
    0.003085673    0.441136867
    0.007697908    0.441136867
    0.003072458    0.443291873
    0.007632114    0.443291873
    0.003046197    0.445457369
    0.007534474    0.445457369
    0.003020161    0.447633475
    0.007470076    0.447633475
    0.003007227    0.449820191
    0.007406229    0.449820191
    0.002994348    0.452017605
    0.007311480    0.452017605
    0.002968754    0.454225749
    0.007248987    0.454225749
    0.002956040    0.456444681
    0.007156250    0.456444681
    0.002930775    0.458674461
    0.007095085    0.458674461
    0.002905725    0.460915118
    0.007004315    0.460915118
    0.002893280    0.463166744
    0.006944449    0.463166744
    0.002868552    0.465429366
    0.006885094    0.465429366
    0.002856266    0.467703015
    0.006797011    0.467703015
    0.002831853    0.469987780
    0.006738917    0.469987780
    0.002819725    0.472283721
    0.006681318    0.472283721
    0.002795625    0.474590868
    0.006595843    0.474590868
    0.002783652    0.476909310
    0.006511461    0.476909310
    0.002771730    0.479239047
    0.006455807    0.479239047
    0.002748040    0.481580168
    0.006373216    0.481580168
    0.002736271    0.483932734
    0.006318743    0.483932734
    0.002724552    0.486296773
    0.006237906    0.486296773
    0.002701265    0.488672376
    0.006184591    0.488672376
    0.002689696    0.491059572
    0.006131730    0.491059572
    0.002666707    0.493458450
    0.006053286    0.493458450
    0.002655287    0.495869040
    0.006001547    0.495869040
    0.002643915    0.498291403
    0.005924768    0.498291403
    0.002632592    0.500725567
    0.005848971    0.500725567
    0.002621317    0.503171682
    0.005798980    0.503171682
    0.002610091    0.505629718
    0.005724792    0.505629718
    0.002587782    0.508099794
    0.005651554    0.508099794
    0.002576699    0.510581911
    0.005603249    0.510581911
    0.002565664    0.513076127
    0.005531565    0.513076127
    0.002543735    0.515582561
    0.005484287    0.515582561
    0.002532841    0.518101215
    0.005437412    0.518101215
    0.002521993    0.520632207
    0.005367850    0.520632207
    0.002511192    0.523175538
    0.005299178    0.523175538
    0.002500438    0.525731266
    0.005231384    0.525731266
    0.002489729    0.528299510
    0.005164458    0.528299510
    0.002479066    0.530880332
    0.005120317    0.530880332
    0.002457877    0.533473730
    0.005054811    0.533473730
    0.002447351    0.536079764
    0.005011607    0.536079764
    0.002436870    0.538698614
    0.004947493    0.538698614
    0.002426433    0.541330159
    0.004905206    0.541330159
    0.002416041    0.543974638
    0.004842453    0.543974638
    0.002405694    0.546631992
    0.004780502    0.546631992
    0.002395391    0.549302340
    0.004739643    0.549302340
    0.002395391    0.551985741
    0.004679007    0.551985741
    0.002385132    0.554682195
    0.004619148    0.554682195
    0.002374918    0.557391882
    0.004560054    0.557391882
    0.002364746    0.560114801
    0.004501716    0.560114801
    0.002354619    0.562851012
    0.004444125    0.562851012
    0.002344535    0.565600574
    0.004406141    0.565600574
    0.002334494    0.568363607
    0.004349772    0.568363607
    0.002324496    0.571140110
    0.004312594    0.571140110
    0.002324496    0.573930204
    0.004239189    0.573930204
    0.002314541    0.576733887
    0.004184956    0.576733887
    0.002314541    0.579551280
    0.004131417    0.579551280
    0.002304628    0.582382441
    0.004078562    0.582382441
    0.002294758    0.585227430
    0.004026385    0.585227430
    0.002294758    0.588086307
    0.003974874    0.588086307
    0.002284930    0.590959191
    0.003940900    0.590959191
    0.002275144    0.593846083
    0.003890484    0.593846083
    0.002275144    0.596747041
    0.003840712    0.596747041
    0.002265400    0.599662185
    0.003791577    0.599662185
    0.002265400    0.602591634
    0.003743070    0.602591634
    0.002255698    0.605535328
    0.003679359    0.605535328
    0.002255698    0.608493388
    0.003632288    0.608493388
    0.002255698    0.611465931
    0.003570462    0.611465931
    0.002255698    0.614453018
    0.003509689    0.614453018
    0.002265400    0.617454708
    0.003464788    0.617454708
    0.002265400    0.620471001
    0.003405814    0.620471001
    0.002265400    0.623502076
    0.003347843    0.623502076
    0.002265400    0.626547933
    0.003305013    0.626547933
    0.002265400    0.629608691
    0.003248758    0.629608691
    0.002275144    0.632684350
    0.003193461    0.632684350
    0.002294758    0.635775089
    0.003139104    0.635775089
    0.002304628    0.638880908
    0.003072458    0.638880908
    0.002324496    0.642001927
    0.002994348    0.642001927
    0.002334494    0.645138144
    0.002930775    0.645138144
    0.002364746    0.648289680
    0.002844034    0.648289680
    0.002395391    0.651456654
    0.002759860    0.651456654
    0.002436870    0.654639065
    0.002655287    0.654639065
    0.001179841    2.476165771
    0.001474855    2.476165771
    0.001101540    2.488261938
    0.001593311    2.488261938
    0.001050743    2.500417471
    0.001684736    2.500417471
    0.001015278    2.512632132
    0.001758618    2.512632132
    0.000985229    2.524906635
    0.001835740    2.524906635
    0.000956070    2.537240982
    0.001908037    2.537240982
    0.000931764    2.549635649
    0.001983181    2.549635649
    0.000911982    2.562090874
    0.002043667    2.562090874
    0.000892619    2.574606895
    0.002115055    2.574606895
    0.000873668    2.587184191
    0.002179563    2.587184191
    0.000858797    2.599822760
    0.002226841    2.599822760
    0.000847811    2.612523079
    0.002284930    2.612523079
    0.000836964    2.625285387
    0.002334494    2.625285387
    0.000826257    2.638110161
    0.002385132    2.638110161
    0.000815686    2.650997639
    0.002447351    2.650997639
    0.000805251    2.663948059
    0.002500438    2.663948059
    0.000794949    2.676961660
    0.002554676    2.676961660
    0.000788155    2.690038919
    0.002610091    2.690038919
    0.000778072    2.703179836
    0.002666707    2.703179836
    0.000771422    2.716385126
    0.002724552    2.716385126
    0.000764828    2.729655027
    0.002759860    2.729655027
    0.000761553    2.742989540
    0.002807649    2.742989540
    0.000755044    2.756389380
    0.002844034    2.756389380
    0.000751810    2.769854546
    0.002893280    2.769854546
    0.000748590    2.783385515
    0.002930775    2.783385515
    0.000742192    2.796982527
    0.002981524    2.796982527
    0.000739013    2.810646057
    0.003020161    2.810646057
    0.000735848    2.824376345
    0.003072458    2.824376345
    0.000729559    2.838173628
    0.003112274    2.838173628
    0.000726434    2.852038383
    0.003166166    2.852038383
    0.000726434    2.865970850
    0.003193461    2.865970850
    0.000723323    2.879971266
    0.003220991    2.879971266
    0.000723323    2.894040108
    0.003262731    2.894040108
    0.000723323    2.908177853
    0.003290859    2.908177853
    0.000720225    2.922384501
    0.003319229    2.922384501
    0.000720225    2.936660528
    0.003347843    2.936660528
    0.000720225    2.951006413
    0.003376704    2.951006413
    0.000717141    2.965422392
    0.003420463    2.965422392
    0.000717141    2.979908705
    0.003449950    2.979908705
    0.000717141    2.994465828
    0.003479691    2.994465828
    0.000717141    3.009094238
    0.003494658    3.009094238
    0.000720225    3.023793936
    0.003509689    3.023793936
    0.000720225    3.038565397
    0.003524784    3.038565397
    0.000723323    3.053409100
    0.003555171    3.053409100
    0.000726434    3.068325281
    0.003570462    3.068325281
    0.000726434    3.083314419
    0.003585819    3.083314419
    0.000729559    3.098376513
    0.003601242    3.098376513
    0.000732697    3.113512516
    0.003616732    3.113512516
    0.000732697    3.128722191
    0.003632288    3.128722191
    0.000735848    3.144006252
    0.003647911    3.144006252
    0.000739013    3.159365177
    0.003647911    3.159365177
    0.000745384    3.174798727
    0.003647911    3.174798727
    0.000748590    3.190308094
    0.003647911    3.190308094
    0.000755044    3.205893040
    0.003647911    3.205893040
    0.000758291    3.221554041
    0.003647911    3.221554041
    0.000764828    3.237291574
    0.003647911    3.237291574
    0.000768118    3.253106117
    0.003647911    3.253106117
    0.000774740    3.268997669
    0.003647911    3.268997669
    0.000781418    3.284967184
    0.003647911    3.284967184
    0.000784779    3.301014423
    0.003647911    3.301014423
    0.000791545    3.317140341
    0.003632288    3.317140341
    0.000801802    3.333344698
    0.003616732    3.333344698
    0.000808715    3.349628448
    0.003601242    3.349628448
    0.000815686    3.365991592
    0.003585819    3.365991592
    0.000826257    3.382434845
    0.003570462    3.382434845
    0.000833380    3.398958445
    0.003555171    3.398958445
    0.000844180    3.415562630
    0.003539945    3.415562630
    0.000851457    3.432247877
    0.003524784    3.432247877
    0.000862491    3.449014664
    0.003494658    3.449014664
    0.000869927    3.465863466
    0.003479691    3.465863466
    0.000884990    3.482794523
    0.003449950    3.482794523
    0.000896459    3.499808311
    0.003420463    3.499808311
    0.000908076    3.516905069
    0.003391228    3.516905069
    0.000923800    3.534085512
    0.003362243    3.534085512
    0.000935772    3.551349878
    0.003333505    3.551349878
    0.000951975    3.568698645
    0.003290859    3.568698645
    0.000964312    3.586132050
    0.003262731    3.586132050
    0.000981010    3.603650570
    0.003234845    3.603650570
    0.000997997    3.621254683
    0.003193461    3.621254683
    0.001015278    3.638944864
    0.003152606    3.638944864
    0.001032859    3.656721354
    0.003112274    3.656721354
    0.001050743    3.674584866
    0.003072458    3.674584866
    0.001073536    3.692535639
    0.003020161    3.692535639
    0.001096822    3.710573912
    0.002968754    3.710573912
    0.001125434    3.728700399
    0.002918223    3.728700399
    0.001149846    3.746915340
    0.002856266    3.746915340
    0.001179841    3.765219450
    0.002807649    3.765219450
    0.001210618    3.783612967
    0.002748040    3.783612967
    0.001242199    3.802096128
    0.002689696    3.802096128
    0.001280085    3.820669651
    0.002621317    3.820669651
    0.001319126    3.839334011
    0.002543735    3.839334011
    0.001371077    3.858089447
    0.002468449    3.858089447
    0.001431204    3.876936674
    0.002374918    3.876936674
    0.001500393    3.895875692
    0.002265400    3.895875692
    0.001586487    3.914907455
    0.002142464    3.914907455
    0.001607046    8.663533211
    0.001656060    8.663533211
    0.001539533    8.705855370
    0.001758618    8.705855370
    0.001493968    8.748384476
    0.001827878    8.748384476
    0.001513328    8.791120529
    0.001812255    8.791120529
    0.001532939    8.834066391
    0.001789070    8.834066391
    0.001559483    8.877222061
    0.001758618    8.877222061
    0.001586487    8.920587540
    0.001721281    8.920587540