    0.925867379    0.051432781
    0.914022505    0.051684037
    0.906210303    0.051936518
    0.898464799    0.052190233
    0.890785515    0.052445184
    0.883171916    0.052701384
    0.871873260    0.052958835
    0.864421308    0.053217545
    0.857032955    0.053477515
    0.846068799    0.053738758
    0.838837326    0.054001275
    0.831667721    0.054265078
    0.821028054    0.054530166
    0.814010620    0.054796554
    0.807053149    0.055064239
    0.800155163    0.055333231
    0.789918602    0.055603541
    0.783167064    0.055875167
    0.776473284    0.056148123
    0.766539693    0.056422412
    0.759988010    0.056698039
    0.753492296    0.056975015
    0.747052133    0.057253342
    0.737494946    0.057533033
    0.731191456    0.057814084
    0.724941909    0.058096513
    0.715667605    0.058380321
    0.709550679    0.058665510
    0.703486085    0.058952097
    0.694486260    0.059240084
    0.688550413    0.059529476
    0.682665288    0.059820283
    0.676830471    0.060112514
    0.671045542    0.060406167
    0.665310025    0.060701258
    0.656798542    0.060997788
    0.651184857    0.061295770
    0.642854095    0.061595205
    0.637359560    0.061896104
    0.631911993    0.062198471
    0.626510978    0.062502317
    0.618495882    0.062807642
    0.613209486    0.063114464
    0.607968330    0.063422784
    0.602771997    0.063732609
    0.597620010    0.064043954
    0.589974523    0.064356811
    0.584931970    0.064671203
    0.579932511    0.064987123
    0.572513282    0.065304592
    0.567619979    0.065623611
    0.562768459    0.065944187
    0.557958424    0.066266328
    0.553189516    0.066590048
    0.548461318    0.066915348
    0.541444719    0.067242235
    0.536816955    0.067570716
    0.532228708    0.067900807
    0.527679741    0.068232507
    0.520928979    0.068565831
    0.516476572    0.068900779
    0.512062192    0.069237366
    0.507685542    0.069575600
    0.501190603    0.069915481
    0.496906877    0.070257023
    0.492659748    0.070600234
    0.488448918    0.070945121
    0.482200086    0.071291700
    0.478078693    0.071639962
    0.473992497    0.071989931
    0.467928618    0.072341606
    0.463929176    0.072695002
    0.459963918    0.073050126
    0.456032574    0.073406979
    0.452134818    0.073765583
    0.448270380    0.074125931
    0.442535549    0.074488044
    0.438753128    0.074851930
    0.435003072    0.075217582
    0.429437965    0.075585030
    0.425767541    0.075954266
    0.422128439    0.076325312
    0.418520480    0.076698169
    0.414943337    0.077072844
    0.409634888    0.077449352
    0.406133682    0.077827699
    0.402662426    0.078207895
    0.397511065    0.078589946
    0.394113511    0.078973867
    0.390744984    0.079359658
    0.387405246    0.079747334
    0.384094059    0.080136910
    0.379180253    0.080528386
    0.375939339    0.080921777
    0.372726172    0.081317082
    0.369540423    0.081714325
    0.364812821    0.082113512
    0.361694723    0.082514644
    0.358603269    0.082917735
    0.355538249    0.083322793
    0.352499425    0.083729833
    0.347989827    0.084138863
    0.345015526    0.084549889
    0.342066646    0.084962919
    0.339142978    0.085377976
    0.336244285    0.085795052
    0.331942618    0.086214170
    0.329105467    0.086635336
    0.326292574    0.087058559
    0.322118253    0.087483846
    0.319365054    0.087911211
    0.316635430    0.088340662
    0.312584639    0.088772215
    0.309912950    0.089205876
    0.307264090    0.089641653
    0.304637879    0.090079561
    0.300740570    0.090519607
    0.298170120    0.090961806
    0.295621634    0.091406159
    0.291839689    0.091852687
    0.289345294    0.092301399
    0.286872238    0.092752300
    0.284420311    0.093205400
    0.280781657    0.093660720
    0.278381795    0.094118260
    0.276002407    0.094578035
    0.272471458    0.095040061
    0.270142615    0.095504336
    0.267833680    0.095970884
    0.264407218    0.096439712
    0.262147307    0.096910827
    0.259906709    0.097384244
    0.256581664    0.097859979
    0.254388630    0.098338030
    0.252214342    0.098818421
    0.250058651    0.099301159
    0.246859595    0.099786252
    0.244749665    0.100273721
    0.242657766    0.100763567
    0.239553392    0.101255804
    0.237505898    0.101750448
    0.235475913    0.102247506
    0.233463272    0.102746993
    0.230476528    0.103248924
    0.228506625    0.103753299
    0.226553559    0.104260147
    0.223655209    0.104769468
    0.221743599    0.105281271
    0.219848335    0.105795585
    0.217035770    0.106312402
    0.215180740    0.106831744
    0.213341564    0.107353628
    0.211518109    0.107878067
    0.209710255    0.108405061
    0.207027376    0.108934626
    0.205257893    0.109466784
    0.203503534    0.110001534
    0.200900063    0.110538907
    0.199182957    0.111078896
    0.197480515    0.111621529
    0.194954097    0.112166807
    0.193287805    0.112714753
    0.191635758    0.113265373
    0.189184114    0.113818683
    0.187567145    0.114374697
    0.185963988    0.114933431
    0.183584914    0.115494892
    0.182015792    0.116059095
    0.180460081    0.116626047
    0.178151414    0.117195778
    0.176628739    0.117768288
    0.175119072    0.118343599
    0.173622310    0.118921719
    0.172138333    0.119502664
    0.169936135    0.120086446
    0.168483675    0.120673075
    0.167043626    0.121262580
    0.164906606    0.121854953
    0.163497135    0.122450233
    0.162099704    0.123048410
    0.160025924    0.123649515
    0.158658162    0.124253549
    0.157302096    0.124860540
    0.155957624    0.125470489
    0.154624641    0.126083434
    0.152646497    0.126699358
    0.151341811    0.127318293
    0.150048271    0.127940252
    0.148128673    0.128565252
    0.146862596    0.129193306
    0.145607352    0.129824430
    0.144362822    0.130458638
    0.142515957    0.131095931
    0.141297862    0.131736353
    0.140090182    0.132379889
    0.138892815    0.133026585
    0.137115926    0.133676425
    0.135943979    0.134329453
    0.134782046    0.134985656
    0.133630052    0.135645077
    0.131920502    0.136307716
    0.130792961    0.136973590
    0.129675061    0.137642711
    0.128566712    0.138315111
    0.127467841    0.138990790
    0.125837117    0.139669776
    0.124761574    0.140352085
    0.123695225    0.141037717
    0.122637987    0.141726688
    0.121069051    0.142419040
    0.120034263    0.143114775
    0.119008318    0.143813893
    0.117991142    0.144516438
    0.116481654    0.145222425
    0.115486071    0.145931840
    0.114499003    0.146644726
    0.113520369    0.147361100
    0.112068072    0.148080975
    0.111110218    0.148804367
    0.110160545    0.149531290
    0.108751237    0.150261760
    0.107821733    0.150995806
    0.106900170    0.151733443
    0.105986483    0.152474672
    0.105080605    0.153219521
    0.103736281    0.153968006
    0.102849640    0.154720157
    0.101970568    0.155475989
    0.100666039    0.156235501
    0.099805638    0.156998724
    0.098952591    0.157765672
    0.098106831    0.158536375
    0.096851729    0.159310833
    0.096023925    0.160089090
    0.095203198    0.160871133
    0.094389491    0.161657006
    0.093181945    0.162446707
    0.092385508    0.163240284
    0.091595881    0.164037719
    0.090424076    0.164839059
    0.089651212    0.165644318
    0.088884957    0.166453496
    0.088125244    0.167266637
    0.087372027    0.168083757
    0.086254261    0.168904856
    0.085517034    0.169729978
    0.084786110    0.170559123
    0.083701424    0.171392307
    0.082986020    0.172229588
    0.082276724    0.173070937
    0.081573501    0.173916399
    0.080529913    0.174766004
    0.079841614    0.175619751
    0.079159200    0.176477671
    0.078482620    0.177339777
    0.077811822    0.178206101
    0.076816358    0.179076657
    0.076159798    0.179951459
    0.075508855    0.180830538
    0.074542850    0.181713909
    0.073905721    0.182601601
    0.073274046    0.183493614
    0.072647765    0.184390008
    0.071718365    0.185290769
    0.071105383    0.186195925
    0.070497639    0.187105507
    0.069595747    0.188019529
    0.069000907    0.188938022
    0.068411149    0.189861000
    0.067535952    0.190788493
    0.066958711    0.191720515
    0.066386409    0.192657083
    0.065818995    0.193598226
    0.065256432    0.194543973
    0.064698681    0.195494339
    0.063870974    0.196449354
    0.063325062    0.197409019
    0.062514931    0.198373392
    0.061980609    0.199342459
    0.061450854    0.200316265
    0.060925629    0.201294824
    0.060146194    0.202278167
    0.059632119    0.203266323
    0.059122436    0.204259291
    0.058617111    0.205257118
    0.057867210    0.206259817
    0.057372615    0.207267419
    0.056882244    0.208279938
    0.056396067    0.209297389
    0.055674579    0.210319832
    0.055198722    0.211347267
    0.054726932    0.212379709
    0.054259174    0.213417202
    0.053565025    0.214459777
    0.053107198    0.215507433
    0.052653287    0.216560200
    0.052203253    0.217618123
    0.051535405    0.218681201
    0.051094927    0.219749480
    0.050658215    0.220822975
    0.050225232    0.221901715
    0.049582690    0.222985730
    0.049158901    0.224075034
    0.048738737    0.225169659
    0.048322160    0.226269633
    0.047909148    0.227374971
    0.047296233    0.228485718
    0.046891987    0.229601890
    0.046491198    0.230723515
    0.045896426    0.231850624
    0.045504145    0.232983232
    0.045115218    0.234121382
    0.044729613    0.235265091
    0.044347305    0.236414373
    0.043779958    0.237569287
    0.043405768    0.238729835
    0.043034773    0.239896044
    0.042484220    0.241067961
    0.042121101    0.242245600
    0.041761089    0.243428990
    0.041404150    0.244618163
    0.040874459    0.245813146
    0.040525101    0.247013956
    0.040178727    0.248220637
    0.039835319    0.249433219
    0.039494842    0.250651717
    0.038989574    0.251876175
    0.038656328    0.253106624
    0.038325928    0.254343063
    0.037835617    0.255585551
    0.037512232    0.256834120
    0.037191611    0.258088768
    0.036873728    0.259349555
    0.036401995    0.260616511
    0.036090862    0.261889637
    0.035782389    0.263168991
    0.035476554    0.264454603
    0.035022695    0.265746504
    0.034723353    0.267044693
    0.034426570    0.268349230
    0.034132320    0.269660145
    0.033695661    0.270977467
    0.033407658    0.272301197
    0.033122119    0.273631424
    0.032839023    0.274968117
    0.032558344    0.276311368
    0.032141816    0.277661175
    0.031867098    0.279017568
    0.031594727    0.280380607
    0.031324685    0.281750292
    0.030923940    0.283126652
    0.030659629    0.284509748
    0.030397577    0.285899609
    0.030137766    0.287296265
    0.029880175    0.288699716
    0.029624788    0.290110052
    0.029245792    0.291527241
    0.028995825    0.292951405
    0.028747994    0.294382483
    0.028502282    0.295820564
    0.028137647    0.297265679
    0.027897151    0.298717856
    0.027658712    0.300177097
    0.027422309    0.301643491
    0.027187927    0.303117067
    0.026840106    0.304597795
    0.026610700    0.306085795
    0.026383257    0.307581067
    0.026157755    0.309083611
    0.025823114    0.310593516
    0.025602402    0.312110782
    0.025383575    0.313635498
    0.025166620    0.315167636
    0.024951518    0.316707253
    0.024738254    0.318254381
    0.024421772    0.319809079
    0.024213037    0.321371377
    0.024006085    0.322941333
    0.023800902    0.324518919
    0.023597473    0.326104224
    0.023295587    0.327697277
    0.023096478    0.329298109
    0.022899069    0.330906749
    0.022703348    0.332523257
    0.022509301    0.334147662
    0.022316912    0.335779995
    0.022031406    0.337420315
    0.021843102    0.339068651
    0.021656407    0.340725034
    0.021471307    0.342389494
    0.021287790    0.344062090
    0.021105841    0.345742881
    0.020925445    0.347431868
    0.020657742    0.349129081
    0.020481179    0.350834608
    0.020306123    0.352548480
    0.020132566    0.354270697
    0.019960491    0.356001347
    0.019789886    0.357740462
    0.019536709    0.359488040
    0.019369727    0.361244172
    0.019204173    0.363008887
    0.019040033    0.364782214
    0.018877296    0.366564214
    0.018715950    0.368354917
    0.018555982    0.370154351
    0.018397382    0.371962607
    0.018240137    0.373779655
    0.018006787    0.375605613
    0.017852882    0.377440482
    0.017700290    0.379284322
    0.017549004    0.381137162
    0.017399011    0.382999033
    0.017250299    0.384870023
    0.017102860    0.386750162
    0.016956680    0.388639450
    0.016739750    0.390538007
    0.016596673    0.392445803
    0.016454820    0.394362926
    0.016314179    0.396289438
    0.016174739    0.398225337
    0.015967812    0.400170714
    0.015831335    0.402125597
    0.015696023    0.404090017
    0.015561867    0.406064034
    0.015428858    0.408047676
    0.015296986    0.410041034
    0.015166242    0.412044108
    0.015036614    0.414056987
    0.014844247    0.416079700
    0.014717371    0.418112278
    0.014591580    0.420154810
    0.014466865    0.422207296
    0.014343215    0.424269825
    0.014220622    0.426342428
    0.014099077    0.428425133
    0.013978571    0.430518031
    0.013799740    0.432621151
    0.013681792    0.434734553
    0.013564852    0.436858267
    0.013448912    0.438992351
    0.013333963    0.441136867
    0.013219996    0.443291873
    0.013107004    0.445457369
    0.012994977    0.447633475
    0.012828729    0.449820191
    0.012719081    0.452017605
    0.012610369    0.454225749
    0.012502587    0.456444681
    0.012395726    0.458674461
    0.012289778    0.460915118
    0.012184736    0.463166744
    0.012028854    0.465429366
    0.011926043    0.467703015
    0.011824110    0.469987780
    0.011723047    0.472283721
    0.011622850    0.474590868
    0.011523508    0.476909310
    0.011425016    0.479239047
    0.011327364    0.481580168
    0.011182452    0.483932734
    0.011086874    0.486296773
    0.010992113    0.488672376
    0.010898163    0.491059572
    0.010805015    0.493458450
    0.010712663    0.495869040
    0.010621101    0.498291403
    0.010485223    0.500725567
    0.010395604    0.503171682
    0.010306751    0.505629718
    0.010218658    0.508099794
    0.010131319    0.510581911
    0.010044726    0.513076127
    0.009958872    0.515582561
    0.009873752    0.518101215
    0.009747435    0.520632207
    0.009664123    0.523175538
    0.009581523    0.525731266
    0.009499629    0.528299510
    0.009418434    0.530880332
    0.009337935    0.533473730
    0.009258122    0.536079764
    0.009178991    0.538698614
    0.009100538    0.541330159
    0.009022755    0.543974638
    0.008907325    0.546631992
    0.008831193    0.549302340
    0.008755711    0.551985741
    0.008680875    0.554682195
    0.008606679    0.557391882
    0.008533117    0.560114801
    0.008460184    0.562851012
    0.008387874    0.565600574
    0.008316182    0.568363607
    0.008245102    0.571140110
    0.008139621    0.573930204
    0.008070051    0.576733887
    0.008001075    0.579551280
    0.007932689    0.582382441
    0.007864888    0.585227430
    0.007797665    0.588086307
    0.007731018    0.590959191
    0.007664940    0.593846083
    0.007599427    0.596747041
    0.007534474    0.599662185
    0.007470076    0.602591634
    0.007406229    0.605535328
    0.007342927    0.608493388
    0.007280166    0.611465931
    0.007217942    0.614453018
    0.007125601    0.617454708
    0.007064698    0.620471001
    0.007004315    0.623502076
    0.006944449    0.626547933
    0.006885094    0.629608691
    0.006826246    0.632684350
    0.006767902    0.635775089
    0.006710056    0.638880908
    0.006652704    0.642001927
    0.006595843    0.645138144
    0.006539467    0.648289680
    0.006483574    0.651456654
    0.006428158    0.654639065
    0.006373216    0.657837033
    0.006318743    0.661050677
    0.006264736    0.664279938
    0.006184591    0.667524993
    0.006131730    0.670785964
    0.006079322    0.674062788
    0.006027361    0.677355647
    0.005975844    0.680664599
    0.005924768    0.683989704
    0.005874129    0.687331021
    0.005823922    0.690688729
    0.005774144    0.694062769
    0.005724792    0.697453320
    0.005675862    0.700860441
    0.005627349    0.704284191
    0.005579252    0.707724690
    0.005531565    0.711181998
    0.005460799    0.714656174
    0.005414125    0.718147337
    0.005367850    0.721655548
    0.005321970    0.725180924
    0.005276483    0.728723526
    0.005231384    0.732283354
    0.005186671    0.735860646
    0.005142340    0.739455402
    0.005098388    0.743067682
    0.005054811    0.746697664
    0.005011607    0.750345349
    0.004968773    0.754010856
    0.004926304    0.757694244
    0.004884198    0.761395633
    0.004842453    0.765115142
    0.004801064    0.768852770
    0.004760028    0.772608697
    0.004719344    0.776382923
    0.004658969    0.780175626
    0.004619148    0.783986866
    0.004579667    0.787816703
    0.004540524    0.791665256
    0.004501716    0.795532644
    0.004463240    0.799418867
    0.004406141    0.803324103
    0.004368481    0.807248414
    0.004331143    0.811191916
    0.004294124    0.815154612
    0.004257422    0.819136739
    0.004221033    0.823138297
    0.004167033    0.827159405
    0.004131417    0.831200182
    0.004096105    0.835260630
    0.004061095    0.839340985
    0.004026385    0.843441248
    0.003991971    0.847561538
    0.003957851    0.851701915
    0.003924022    0.855862558
    0.003890484    0.860043526
    0.003840712    0.864244938
    0.003807885    0.868466854
    0.003775338    0.872709394
    0.003743070    0.876972675
    0.003711078    0.881256759
    0.003679359    0.885561764
    0.003647911    0.889887810
    0.003616732    0.894235015
    0.003570462    0.898603380
    0.003539945    0.902993143
    0.003509689    0.907404363
    0.003479691    0.911837101
    0.003449950    0.916291535
    0.003420463    0.920767665
    0.003391228    0.925265729
    0.003362243    0.929785728
    0.003333505    0.934327841
    0.003290859    0.938892126
    0.003262731    0.943478703
    0.003234845    0.948087633
    0.003207196    0.952719152
    0.003179784    0.957373261
    0.003152606    0.962050140
    0.003125660    0.966749787
    0.003098945    0.971472442
    0.003072458    0.976218164
    0.003046197    0.980987072
    0.003020161    0.985779285
    0.002994348    0.990594923
    0.002968754    0.995434046
    0.002930775    1.000296831
    0.002905725    1.005183339
    0.002880889    1.010093808
    0.002856266    1.015028119
    0.002831853    1.019986629
    0.002807649    1.024969459
    0.002783652    1.029976487
    0.002759860    1.035007954
    0.002736271    1.040064096
    0.002712884    1.045144916
    0.002689696    1.050250530
    0.002666707    1.055381060
    0.002632592    1.060536742
    0.002610091    1.065717578
    0.002587782    1.070923686
    0.002565664    1.076155305
    0.002543735    1.081412315
    0.002521993    1.086695194
    0.002500438    1.092003822
    0.002479066    1.097338319
    0.002457877    1.102698922
    0.002436870    1.108085752
    0.002416041    1.113498807
    0.002395391    1.118938327
    0.002374918    1.124404430
    0.002354619    1.129897237
    0.002334494    1.135416865
    0.002314541    1.140963554
    0.002294758    1.146537185
    0.002275144    1.152138114
    0.002265400    1.157766461
    0.002246038    1.163422227
    0.002226841    1.169105649
    0.002207808    1.174816847
    0.002188937    1.180555940
    0.002170228    1.186323047
    0.002151679    1.192118406
    0.002133288    1.197942019
    0.002115055    1.203794003
    0.002105997    1.209674716
    0.002087997    1.215584040
    0.002070150    1.221522331
    0.002052457    1.227489471
    0.002034914    1.233485937
    0.002026199    1.239511609
    0.002008881    1.245566726
    0.001991711    1.251651406
    0.001983181    1.257765889
    0.001966230    1.263910174
    0.001949425    1.270084500
    0.001932763    1.276288986
    0.001916243    1.282523751
    0.001908037    1.288789034
    0.001891728    1.295084834
    0.001875560    1.301411510
    0.001859529    1.307768941
    0.001843635    1.314157486
    0.001835740    1.320577264
    0.001820049    1.327028513
    0.001812255    1.333511114
    0.001796765    1.340025425
    0.001781408    1.346571565
    0.001773779    1.353149652
    0.001758618    1.359759927
    0.001751086    1.366402507
    0.001736120    1.373077512
    0.001728684    1.379785061
    0.001713909    1.386525393
    0.001706569    1.393298745
    0.001699260    1.400105119
    0.001684736    1.406944752
    0.001677521    1.413817763
    0.001670337    1.420724392
    0.001656060    1.427664757
    0.001648968    1.434639096
    0.001641906    1.441647410
    0.001634874    1.448689938
    0.001627872    1.455766916
    0.001620900    1.462878466
    0.001613959    1.470024824
    0.001607046    1.477205992
    0.001600164    1.484422326
    0.001593311    1.491673827
    0.001586487    1.498960733
    0.001579693    1.506283283
    0.001566191    1.513641715
    0.001566191    1.521035910
    0.001559483    1.528466344
    0.001559483    1.535933018
    0.001552804    1.543436170
    0.001552804    1.550976038
    0.001546154    1.558552742
    0.001539533    1.566166401
    0.001539533    1.573817253
    0.001532939    1.581505537
    0.001532939    1.589231253
    0.001526374    1.596994877
    0.001526374    1.604796290
    0.001526374    1.612635851
    0.001526374    1.620513797
    0.001526374    1.628430128
    0.001526374    1.636385202
    0.001526374    1.644379020
    0.001526374    1.652411938
    0.001519837    1.660484195
    0.001519837    1.668595791
    0.001526374    1.676746964
    0.001526374    1.684938073
    0.001532939    1.693169117
    0.001532939    1.701440454
    0.001539533    1.709752083
    0.001539533    1.718104362
    0.001539533    1.726497412
    0.001546154    1.734931588
    0.001546154    1.743406892
    0.001552804    1.751923561
    0.001559483    1.760481834
    0.001566191    1.769081950
    0.001572927    1.777724028
    0.001579693    1.786408424
    0.001586487    1.795135140
    0.001593311    1.803904533
    0.001607046    1.812716722
    0.001613959    1.821572065
    0.001620900    1.830470562
    0.001627872    1.839412570
    0.001641906    1.848398328
    0.001648968    1.857427835
    0.001663183    1.866501570
    0.001677521    1.875619650
    0.001684736    1.884782195
    0.001699260    1.893989563
    0.001713909    1.903241873
    0.001728684    1.912539363
    0.001736120    1.921882272
    0.001751086    1.931270838
    0.001766182    1.940705299
    0.001789070    1.950185776
    0.001804493    1.959712625
    0.001820049    1.969285965
    0.001843635    1.978906155
    0.001859529    1.988573313
    0.001875560    1.998287678
    0.001899865    2.008049488
    0.001916243    2.017858982
    0.001941076    2.027716398
    0.001957810    2.037621975
    0.001983181    2.047575951
    0.002008881    2.057578564
    0.002034914    2.067630053
    0.002061285    2.077730656
    0.002079054    2.087880611
    0.002105997    2.098079920
    0.002133288    2.108329296
    0.002160934    2.118628740
    0.002188937    2.128978491
    0.002217304    2.139378548
    0.002246038    2.149829626
    0.002275144    2.160331726
    0.002304628    2.170885324
    0.002334494    2.181490183
    0.002374918    2.192147017
    0.002405694    2.202855825
    0.002436870    2.213616848
    0.002468449    2.224430561
    0.002511192    2.235297203
    0.002543735    2.246216774
    0.002576699    2.257189751
    0.002621317    2.268216372
    0.002655287    2.279296637
    0.002689696    2.290431261
    0.002736271    2.301620245
    0.002771730    2.312863827
    0.002819725    2.324162483
    0.002856266    2.335516214
    0.002905725    2.346925259
    0.002943380    2.358390331
    0.002981524    2.369911194
    0.003033151    2.381488323
    0.003072458    2.393122196
    0.003125660    2.404812813
    0.003166166    2.416560650
    0.003220991    2.428365707
    0.003262731    2.440228462
    0.003319229    2.452149153
    0.003362243    2.464128256
    0.003405814    2.476165771
    0.003464788    2.488261938
    0.003509689    2.500417471
    0.003555171    2.512632132
    0.003601242    2.524906635
    0.003663601    2.537240982
    0.003711078    2.549635649
    0.003759170    2.562090874
    0.003824263    2.574606895
    0.003873822    2.587184191
    0.003924022    2.599822760
    0.003957851    2.612523079
    0.004009141    2.625285387
    0.004061095    2.638110161
    0.004113723    2.650997639
    0.004167033    2.663948059
    0.004221033    2.676961660
    0.004275734    2.690038919
    0.004331143    2.703179836
    0.004387270    2.716385126
    0.004425092    2.729655027
    0.004463240    2.742989540
    0.004501716    2.756389380
    0.004560054    2.769854546
    0.004599365    2.783385515
    0.004639016    2.796982527
    0.004699132    2.810646057
    0.004739643    2.824376345
    0.004780502    2.838173628
    0.004842453    2.852038383
    0.004863281    2.865970850
    0.004905206    2.879971266
    0.004926304    2.894040108
    0.004968773    2.908177853
    0.004990144    2.922384501
    0.005033163    2.936660528
    0.005076553    2.951006413
    0.005098388    2.965422392
    0.005142340    2.979908705
    0.005186671    2.994465828
    0.005208980    3.009094238
    0.005231384    3.023793936
    0.005253885    3.038565397
    0.005253885    3.053409100
    0.005276483    3.068325281
    0.005299178    3.083314419
    0.005321970    3.098376513
    0.005344861    3.113512516
    0.005367850    3.128722191
    0.005390938    3.144006252
    0.005414125    3.159365177
    0.005414125    3.174798727
    0.005414125    3.190308094
    0.005414125    3.205893040
    0.005437412    3.221554041
    0.005437412    3.237291574
    0.005437412    3.253106117
    0.005460799    3.268997669
    0.005460799    3.284967184
    0.005460799    3.301014423
    0.005460799    3.317140341
    0.005460799    3.333344698
    0.005460799    3.349628448
    0.005437412    3.365991592
    0.005437412    3.382434845
    0.005437412    3.398958445
    0.005437412    3.415562630
    0.005414125    3.432247877
    0.005414125    3.449014664
    0.005414125    3.465863466
    0.005390938    3.482794523
    0.005390938    3.499808311
    0.005367850    3.516905069
    0.005344861    3.534085512
    0.005344861    3.551349878
    0.005321970    3.568698645
    0.005299178    3.586132050
    0.005276483    3.603650570
    0.005276483    3.621254683
    0.005253885    3.638944864
    0.005231384    3.656721354
    0.005208980    3.674584866
    0.005186671    3.692535639
    0.005164458    3.710573912
    0.005142340    3.728700399
    0.005120317    3.746915340
    0.005076553    3.765219450
    0.005054811    3.783612967
    0.005033163    3.802096128
    0.005011607    3.820669651
    0.004968773    3.839334011
    0.004947493    3.858089447
    0.004926304    3.876936674
    0.004884198    3.895875692
    0.004863281    3.914907455
    0.004821714    3.934032202
    0.004780502    3.953250170
    0.004760028    3.972562313
    0.004719344    3.991968632
    0.004699132    4.011469841
    0.004658969    4.031065941
    0.004619148    4.050758362
    0.004579667    4.070546627
    0.004540524    4.090431213
    0.004501716    4.110413551
    0.004463240    4.130493164
    0.004425092    4.150671005
    0.004387270    4.170947552
    0.004349772    4.191322803
    0.004312594    4.211797714
    0.004275734    4.232372761
    0.004239189    4.253048420
    0.004202956    4.273824692
    0.004149186    4.294703007
    0.004113723    4.315682888
    0.004078562    4.336765289
    0.004043703    4.357950687
    0.003991971    4.379240036
    0.003957851    4.400632858
    0.003924022    4.422130108
    0.003873822    4.443732738
    0.003840712    4.465440750
    0.003807885    4.487255096
    0.003775338    4.509175777
    0.003727040    4.531203270
    0.003695184    4.553338528
    0.003647911    4.575582027
    0.003616732    4.597934246
    0.003570462    4.620395660
    0.003539945    4.642966747
    0.003509689    4.665647984
    0.003479691    4.688440323
    0.003449950    4.711343765
    0.003405814    4.734359264
    0.003376704    4.757486820
    0.003347843    4.780727386
    0.003319229    4.804081917
    0.003290859    4.827550411
    0.003262731    4.851133347
    0.003220991    4.874831676
    0.003207196    4.898645401
    0.003193461    4.922575951
    0.003166166    4.946622849
    0.003152606    4.970787525
    0.003125660    4.995070457
    0.003112274    5.019471645
    0.003098945    5.043992519
    0.003072458    5.068632603
    0.003059299    5.093393326
    0.003033151    5.118275166
    0.003033151    5.143278599
    0.003033151    5.168403625
    0.003020161    5.193651676
    0.003020161    5.219023228
    0.003020161    5.244518757
    0.003007227    5.270138741
    0.003007227    5.295883656
    0.003007227    5.321754456
    0.002994348    5.347751617
    0.002994348    5.373876095
    0.003007227    5.400127888
    0.003020161    5.426507950
    0.003033151    5.453016758
    0.003033151    5.479655266
    0.003046197    5.506423950
    0.003059299    5.533323288
    0.003072458    5.560354233
    0.003085673    5.587516785
    0.003098945    5.614812374
    0.003112274    5.642241478
    0.003125660    5.669804096
    0.003139104    5.697501659
    0.003166166    5.725334644
    0.003179784    5.753303528
    0.003193461    5.781408787
    0.003220991    5.809651375
    0.003234845    5.838032246
    0.003248758    5.866551399
    0.003276765    5.895209789
    0.003290859    5.924008369
    0.003305013    5.952947617
    0.003319229    5.982028484
    0.003333505    6.011250973
    0.003347843    6.040616512
    0.003362243    6.070125580
    0.003376704    6.099778652
    0.003405814    6.129576683
    0.003420463    6.159520149
    0.003435175    6.189610004
    0.003449950    6.219846725
    0.003449950    6.250231266
    0.003464788    6.280764103
    0.003464788    6.311446190
    0.003479691    6.342278481
    0.003479691    6.373260975
    0.003494658    6.404395103
    0.003494658    6.435680866
    0.003509689    6.467119694
    0.003509689    6.498712063
    0.003524784    6.530458927
    0.003524784    6.562360764
    0.003524784    6.594418526
    0.003539945    6.626633167
    0.003539945    6.659004688
    0.003539945    6.691534519
    0.003539945    6.724223137
    0.003539945    6.757071495
    0.003555171    6.790080547
    0.003555171    6.823250771
    0.003555171    6.856583118
    0.003555171    6.890078068
    0.003555171    6.923736572
    0.003570462    6.957559586
    0.003570462    6.991548061
    0.003570462    7.025702477
    0.003570462    7.060023785
    0.003570462    7.094512463
    0.003570462    7.129169941
    0.003585819    7.163996696
    0.003585819    7.198993206
    0.003585819    7.234160900
    0.003585819    7.269500732
    0.003601242    7.305012703
    0.003601242    7.340698242
    0.003601242    7.376558304
    0.003616732    7.412593365
    0.003616732    7.448804855
    0.003616732    7.485192776
    0.003632288    7.521758556
    0.003632288    7.558503151
    0.003647911    7.595427036
    0.003647911    7.632531166
    0.003663601    7.669816971
    0.003679359    7.707284927
    0.003695184    7.744935513
    0.003695184    7.782770157
    0.003711078    7.820789814
    0.003727040    7.858994961
    0.003743070    7.897387028
    0.003759170    7.935966492
    0.003775338    7.974734306
    0.003791577    8.013691902
    0.003807885    8.052839279
    0.003824263    8.092178345
    0.003840712    8.131709099
    0.003873822    8.171433449
    0.003890484    8.211351395
    0.003907217    8.251464844
    0.003924022    8.291773796
    0.003940900    8.332279205
    0.003957851    8.372982979
    0.003974874    8.413886070
    0.003991971    8.454988480
    0.004009141    8.496292114
    0.004026385    8.537796974
    0.004043703    8.579504967
    0.004061095    8.621417046
    0.004078562    8.663533211
    0.004096105    8.705855370
    0.004096105    8.748384476
    0.004113723    8.791120529
    0.004113723    8.834066391
    0.004113723    8.877222061
    0.004131417    8.920587540
    0.004131417    8.964165688
    0.004131417    9.007956505
    0.004149186    9.051960945
    0.004149186    9.096180916
    0.004149186    9.140616417
    0.004149186    9.185269356
    0.004149186    9.230139732
    0.004149186    9.275230408
    0.004149186    9.320540428
    0.004149186    9.366071701
    0.004131417    9.411826134
    0.004131417    9.457803726
    0.004131417    9.504005432
    0.004131417    9.550434113
    0.004131417    9.597088814
    0.004113723    9.643970490
    0.004113723    9.691082954
    0.004096105    9.738424301
    0.004078562    9.785997391
    0.004061095    9.833803177
    0.004043703    9.881841660
    0.004026385    9.930115700
    0.004026385    9.978625298
    0.004009141   10.027371407
    0.003991971   10.076355934
    0.003974874   10.125579834
    0.003957851   10.175044060
    0.003940900   10.224750519
    0.003940900   10.274699211
    0.003924022   10.324892044
    0.003907217   10.375329971
    0.003890484   10.426013947
    0.003873822   10.476945877
    0.003857231   10.528126717
    0.003857231   10.579558372
    0.003840712   10.631239891
    0.003840712   10.683174133
    0.003857231   10.735363007
    0.003873822   10.787805557
    0.003873822   10.840505600
    0.003890484   10.893462181
    0.003907217   10.946678162
    0.003907217   11.000153542
    0.003924022   11.053890228
    0.003940900   11.107889175
    0.003940900   11.162152290
    0.003957851   11.216680527
    0.003974874   11.271474838
    0.003991971   11.326537132
    0.004009141   11.381868362
    0.004026385   11.437469482
    0.004043703   11.493342400
    0.004061095   11.549489021
    0.004078562   11.605908394
    0.004096105   11.662604332
    0.004113723   11.719577789
    0.004131417   11.776828766
    0.004131417   11.834360123
    0.004149186   11.892171860
    0.004149186   11.950265884
    0.004167033   12.008644104
    0.004167033   12.067307472
    0.004184956   12.126256943
    0.004184956   12.185495377
    0.004184956   12.245022774
    0.004202956   12.304841042
    0.004202956   12.364951134
    0.004221033   12.425354958
    0.004221033   12.486054420
    0.004221033   12.547049522
    0.004239189   12.608343124
    0.004239189   12.669936180
    0.004239189   12.731829643
    0.004257422   12.794025421
    0.004257422   12.856525421
    0.004257422   12.919330597
    0.004257422   12.982442856
    0.004257422   13.045863152
    0.004257422   13.109593391
    0.004257422   13.173635483
    0.004257422   13.237989426
    0.004257422   13.302658081
    0.004257422   13.367643356
    0.004257422   13.432945251
    0.004257422   13.498566628
    0.004257422   13.564508438
    0.004257422   13.630771637
    0.004257422   13.697359085
    0.004239189   13.764272690
    0.004239189   13.831512451
    0.004239189   13.899080276
    0.004239189   13.966978073
    0.004239189   14.035208702
    0.004239189   14.103771210
    0.004221033   14.172669411
    0.004221033   14.241904259
    0.004221033   14.311477661
    0.004221033   14.381390572
    0.004221033   14.451644897
    0.004221033   14.522242546
    0.004221033   14.593184471
    0.004202956   14.664473534
    0.004202956   14.736110687
    0.004202956   14.808097839
    0.004202956   14.880436897
    0.004202956   14.953128815
    0.004202956   15.026176453
    0.004202956   15.099580765
    0.004202956   15.173343658
    0.004202956   15.247467041
    0.004202956   15.321951866
    0.004202956   15.396800995
    0.004202956   15.472015381
    0.004202956   15.547597885
    0.004221033   15.623549461
    0.004221033   15.699871063
    0.004202956   15.776566505
    0.004184956   15.853636742
    0.004167033   15.931082726
    0.004149186   16.008907318
    0.004131417   16.087112427
    0.004113723   16.165699005
    0.004096105   16.244670868
    0.004078562   16.324028015
    0.004061095   16.403772354
    0.004043703   16.483905792
    0.004043703   16.564430237
    0.004043703   16.645349503
    0.004043703   16.726663589
    0.004043703   16.808374405
    0.004043703   16.890485764
    0.004043703   16.972997665
    0.004061095   17.055912018
    0.004061095   17.139232635
    0.004061095   17.222957611
    0.004061095   17.307094574
    0.004078562   17.391641617
    0.004096105   17.476600647
    0.004113723   17.561975479
    0.004113723   17.647768021
    0.004131417   17.733978271
    0.004149186   17.820610046
    0.004167033   17.907665253
    0.004184956   17.995145798
    0.004202956   18.083053589
    0.004221033   18.171390533
    0.004221033   18.260160446
    0.004239189   18.349361420
    0.004239189   18.439001083
    0.004257422   18.529075623
    0.004275734   18.619592667
    0.004275734   18.710550308
    0.004294124   18.801954269
    0.004294124   18.893802643
    0.004312594   18.986101151
    0.004331143   19.078849792
    0.004331143   19.172052383
    0.004312594   19.265708923
    0.004312594   19.359823227
    0.004312594   19.454397202
    0.004312594   19.549434662
    0.004312594   19.644935608
    0.004294124   19.740901947
    0.004294124   19.837339401
    0.004294124   19.934246063
    0.004294124   20.031625748
    0.004294124   20.129482269
    0.004294124   20.227817535
    0.004312594   20.326631546
    0.004312594   20.425928116
    0.004312594   20.525711060
    0.004312594   20.625980377
    0.004331143   20.726741791
    0.004331143   20.827993393
    0.004331143   20.929738998
    0.004331143   21.031984329
    0.004331143   21.134727478
    0.004331143   21.237972260
    0.004312594   21.341720581
    0.004312594   21.445978165
    0.004312594   21.550743103
    0.004294124   21.656021118
    0.004294124   21.761812210
    0.004294124   21.868120193
    0.004275734   21.974946976
    0.004275734   22.082298279
    0.004257422   22.190172195
    0.004257422   22.298572540
    0.004239189   22.407503128
    0.004221033   22.516965866
    0.004221033   22.626962662
    0.004202956   22.737497330
    0.004202956   22.848571777
    0.004184956   22.960189819
    0.004167033   23.072351456
    0.004167033   23.185062408
    0.004167033   23.298322678
    0.004184956   23.412137985
    0.004202956   23.526508331
    0.004202956   23.641437531
    0.004221033   23.756927490
    0.004239189   23.872982025
    0.004239189   23.989604950
    0.004257422   24.106796265
    0.004275734   24.224559784
    0.004275734   24.342899323
    0.004257422   24.461816788
    0.004239189   24.581314087
    0.004221033   24.701396942
    0.004202956   24.822065353
    0.004184956   24.943323135
    0.004167033   25.065174103
    0.004149186   25.187618256
    0.004131417   25.310663223
    0.004113723   25.434307098
    0.004096105   25.558555603
    0.004113723   25.683412552
    0.004149186   25.808877945
    0.004167033   25.934957504
    0.004202956   26.061651230
    0.004221033   26.188964844
    0.004239189   26.316900253
    0.004275734   26.445461273
    0.004294124   26.574649811
    0.004331143   26.704467773
    0.004349772   26.834922791
    0.004349772   26.966012955
    0.004331143   27.097743988
    0.004331143   27.230119705
    0.004312594   27.363142014
    0.004294124   27.496812820
    0.004294124   27.631137848
    0.004275734   27.766117096
    0.004257422   27.901758194
    0.004257422   28.038059235
    0.004239189   28.175027847
    0.004239189   28.312665939
    0.004239189   28.450975418
    0.004239189   28.589962006
    0.004221033   28.729625702
    0.004221033   28.869972229
    0.004221033   29.011005402
    0.004221033   29.152725220
    0.004221033   29.295139313
    0.004221033   29.438249588
    0.004221033   29.582057953
    0.004221033   29.726568222
    0.004221033   29.871786118
    0.004239189   30.017711639
    0.004239189   30.164350510
    0.004257422   30.311706543
    0.004257422   30.459781647
    0.004275734   30.608581543
    0.004275734   30.758106232
    0.004275734   30.908363342
    0.004294124   31.059352875
    0.004275734   31.211080551
    0.004257422   31.363548279
    0.004221033   31.516763687
    0.004202956   31.670724869
    0.004184956   31.825439453
    0.004167033   31.980909348
    0.004149186   32.137138367
    0.004131417   32.294132233
    0.004113723   32.451892853
    0.004096105   32.610424042
    0.004113723   32.769729614
    0.004131417   32.929809570
    0.004167033   33.090675354
    0.004184956   33.252326965
    0.004221033   33.414768219
    0.004239189   33.578002930
    0.004275734   33.742034912
    0.004312594   33.906864166
    0.004331143   34.072502136
    0.004368481   34.238948822
    0.004331143   34.406211853
    0.004312594   34.574287415
    0.004294124   34.743186951
    0.004257422   34.912910461
    0.004239189   35.083461761
    0.004221033   35.254848480
    0.004184956   35.427070618
    0.004167033   35.600135803
    0.004131417   35.774044037
    0.004113723   35.948802948
    0.004131417   36.124416351
    0.004149186   36.300888062
    0.004167033   36.478221893
    0.004184956   36.656421661
    0.004202956   36.835491180
    0.004221033   37.015434265
    0.004239189   37.196258545
    0.004257422   37.377967834
    0.004275734   37.560562134
    0.004294124   37.744049072
    0.004275734   37.928432465
    0.004257422   38.113716125
    0.004239189   38.299903870
    0.004221033   38.487003326
    0.004202956   38.675014496
    0.004184956   38.863945007
    0.004167033   39.053798676
    0.004149186   39.244579315
    0.004131417   39.436294556
    0.004096105   39.628944397
    0.004113723   39.822536469
    0.004131417   40.017070770
    0.004149186   40.212558746
    0.004149186   40.409000397
    0.004167033   40.606403351
    0.004184956   40.804767609
    0.004202956   41.004104614
    0.004202956   41.204414368
    0.004221033   41.405700684
    0.004239189   41.607971191
    0.004239189   41.811229706
    0.004239189   42.015480042
    0.004239189   42.220729828
    0.004239189   42.426982880
    0.004257422   42.634243011
    0.004257422   42.842514038
    0.004257422   43.051803589
    0.004257422   43.262115479
    0.004257422   43.473453522
    0.004257422   43.685825348
    0.004239189   43.899234772
    0.004202956   44.113685608
    0.004184956   44.329185486
    0.004149186   44.545738220
    0.004113723   44.763347626
    0.004096105   44.982021332
    0.004061095   45.201763153
    0.004026385   45.422576904
    0.004009141   45.644470215
    0.003974874   45.867446899
    0.004009141   46.091514587
    0.004043703   46.316673279
    0.004078562   46.542934418
    0.004131417   46.770301819
    0.004167033   46.998779297
    0.004202956   47.228374481
    0.004239189   47.459087372
    0.004275734   47.690929413
    0.004312594   47.923904419
    0.004368481   48.158016205
    0.004349772   48.393272400
    0.004331143   48.629680634
    0.004312594   48.867240906
    0.004312594   49.105960846
    0.004294124   49.345848083
    0.004275734   49.586906433
    0.004257422   49.829143524
    0.004239189   50.072563171
    0.004221033   50.317173004
    0.004202956   50.562976837
    0.004221033   50.809978485
    0.004221033   51.058189392
    0.004221033   51.307613373
    0.004221033   51.558258057
    0.004239189   51.810123444
    0.004239189   52.063220978
    0.004239189   52.317554474
    0.004257422   52.573127747
    0.004257422   52.829952240
    0.004257422   53.088031769
    0.004257422   53.347370148
    0.004239189   53.607978821
    0.004221033   53.869857788
    0.004221033   54.133018494
    0.004202956   54.397460938
    0.004184956   54.663196564
    0.004184956   54.930233002
    0.004167033   55.198570251
    0.004149186   55.468219757
    0.004149186   55.739189148
    0.004149186   56.011478424
    0.004149186   56.285099030
    0.004131417   56.560058594
    0.004131417   56.836360931
    0.004131417   57.114009857
    0.004131417   57.393016815
    0.004131417   57.673385620
    0.004131417   57.955127716
    0.004131417   58.238243103
    0.004131417   58.522743225
    0.004131417   58.808631897
    0.004149186   59.095916748
    0.004149186   59.384605408
    0.004149186   59.674705505
    0.004167033   59.966220856
    0.004167033   60.259162903
    0.004167033   60.553531647
    0.004184956   60.849342346
    0.004184956   61.146598816
    0.004202956   61.445304871
    0.004202956   61.745468140
    0.004221033   62.047103882
    0.004239189   62.350208282
    0.004239189   62.654792786
    0.004257422   62.960868835
    0.004275734   63.268436432
    0.004275734   63.577510834
    0.004294124   63.888092041
    0.004312594   64.200187683
    0.004312594   64.513816833
    0.004312594   64.828971863
    0.004312594   65.145668030
    0.004312594   65.463905334
    0.004312594   65.783706665
    0.004312594   66.105064392
    0.004312594   66.427993774
    0.004312594   66.752502441
    0.004312594   67.078590393
    0.004312594   67.406280518
    0.004312594   67.735565186
    0.004294124   68.066459656
    0.004294124   68.398971558
    0.004275734   68.733108521
    0.004275734   69.068870544
    0.004257422   69.406280518
    0.004257422   69.745338440
    0.004239189   70.086051941
    0.004239189   70.428428650
    0.004221033   70.772476196
    0.004202956   71.118202209
    0.004221033   71.465621948
    0.004221033   71.814735413
    0.004221033   72.165557861
    0.004221033   72.518096924
    0.004239189   72.872352600
    0.004239189   73.228340149
    0.004239189   73.586067200
    0.004239189   73.945541382
    0.004257422   74.306770325
    0.004257422   74.669769287
    0.004257422   75.034530640
    0.004275734   75.401084900
    0.004294124   75.769424438
    0.004294124   76.139564514
    0.004312594   76.511512756
    0.004312594   76.885276794
    0.004331143   77.260871887
    0.004349772   77.638298035
    0.004349772   78.017562866
    0.004368481   78.398689270
    0.004349772   78.781677246
    0.004349772   79.166526794
    0.004331143   79.553260803
    0.004331143   79.941886902
    0.004312594   80.332412720
    0.004312594   80.724845886
    0.004294124   81.119194031
    0.004294124   81.515464783
    0.004275734   81.913673401
    0.004257422   82.313835144
    0.004257422   82.715942383
    0.004239189   83.120018005
    0.004221033   83.526069641
    0.004221033   83.934097290
    0.004202956   84.344123840
    0.004202956   84.756149292
    0.004184956   85.170196533
    0.004167033   85.586257935
    0.004167033   86.004356384
    0.004149186   86.424491882
    0.004149186   86.846687317
    0.004167033   87.270935059
    0.004167033   87.697265625
    0.004184956   88.125671387
    0.004184956   88.556175232
    0.004202956   88.988777161
    0.004202956   89.423500061
    0.004221033   89.860343933
    0.004221033   90.299316406
    0.004239189   90.740440369
    0.004239189   91.183715820
    0.004239189   91.629158020
    0.004239189   92.076774597
    0.004239189   92.526573181
    0.004239189   92.978576660
    0.004221033   93.432785034
    0.004221033   93.889213562
    0.004221033   94.347869873
    0.004221033   94.808769226
    0.004221033   95.271911621