1 0.023295
0.95843 0.0238061
0.939557  0.0240553
0.918165  0.0243212
0.879592  0.0248455
0.852373  0.0252566
0.842639  0.025395
0.807239  0.0259329
0.773389  0.0265178
0.773326  0.0265189
0.740838  0.0270707
0.709714  0.027672
0.701472  0.0278421
0.679898  0.0282613
0.651335  0.0288783
0.636329  0.0292325
0.623971  0.0295072
0.597758  0.0301402
0.577317  0.0306924
0.572645  0.0308112
0.548588  0.0314605
0.525541  0.0321681
0.523775  0.0322251
0.503462  0.0328421
0.482311  0.0335681
0.475097  0.0338344
0.462049  0.0342879
0.442637  0.0350327
0.431002  0.035524
0.424042  0.0358008
0.406227  0.0365651
0.391056  0.0372981
0.389161  0.0373843
0.372812  0.0381685
0.35715 0.0390229
0.354761  0.0391607
0.342145  0.0398462
0.327771  0.040723
0.321813  0.0411163
0.314001  0.041602
0.30081 0.0425016
0.291966  0.0431696
0.288172  0.0434395
0.276066  0.0443626
0.264925  0.0453255
0.264468  0.0453627
0.253357  0.04631
0.242714  0.0473422
0.240323  0.047589
0.232517  0.0483478
0.222749  0.0494071
0.21802 0.0499655
0.213391  0.0504804
0.204426  0.0515676
0.197816  0.0524608
0.195838  0.0527125
0.18761 0.0538282
0.179729  0.0550439
0.179501  0.0550806
0.172178  0.0561939
0.164945  0.0574416
0.162835  0.0578312
0.158015  0.0586697
0.151377  0.0599504
0.147738  0.0607193
0.145017  0.0612609
0.138925  0.0625754
0.134061  0.0637515
0.133088  0.0639731
0.127497  0.0653225
0.122141  0.0667929
0.121648  0.0669352
0.11701 0.0681974
0.112094  0.0697069
0.110366  0.0702779
0.107385  0.0712064
0.102873  0.0727562
0.100147  0.0737875
0.0985515 0.074356
0.0944112 0.0759473
0.0908878 0.0774723
0.0904449 0.077653
0.0866452 0.0792869
0.0830051 0.0810675
0.0824758 0.0813412
0.079518  0.0827825
0.0761773 0.0846112
0.0748386 0.0854033
0.072977  0.0864416
0.0699112 0.0883197
0.0679199 0.0896683
0.0669741 0.0902721
0.0641605 0.0922013
0.0616514 0.0941462
0.061465  0.0942824
0.0588828 0.0962644
0.0564091 0.0984242
0.0559517 0.0988478
0.0540392 0.100518
0.051769  0.102737
0.0507813 0.103784
0.0495941 0.104971
0.0475106 0.107252
0.046097  0.108967
0.0455146 0.109634
0.0436025 0.111978
0.0418526 0.114409
0.0417707 0.114516
0.0400159 0.116926
0.0383348 0.119553
0.0379919 0.120122
0.0367243 0.122108
0.0351814 0.124809
0.0344911 0.126121
0.0337034 0.127534
0.0322875 0.130312
0.0313193 0.132419
0.0309311 0.133217
0.0296316 0.136076
0.0284452 0.139032
0.0283867 0.13917
0.0271942 0.142112
0.0260517 0.145318
0.025831  0.145975
0.0249573 0.148434
0.0239088 0.151735
0.0234603 0.153265
0.0229043 0.155058
0.0219421 0.158458
0.0213123 0.160919
0.0210203 0.161998
0.0201372 0.165501
0.0193657 0.168955
0.0192912 0.16927
0.0184808 0.172881
0.0177044 0.176817
0.0175968 0.177392
0.0169606 0.180617
0.0162481 0.184675
0.0159911 0.186251
0.0155655 0.188724
0.0149115 0.192912
0.0145361 0.195552
0.0142851 0.197225
0.0136849 0.201549
0.0132174 0.205318
0.01311 0.206139
0.0125593 0.210607
0.0120316 0.215476
0.0120217 0.215571
0.0115262 0.220108
0.0110419 0.225142
0.010934  0.226337
0.010578  0.230076
0.0101337 0.235286
0.00994816  0.23764
0.00970793  0.240538
0.00930008  0.245934
0.00905467  0.249507
0.00890938  0.25152
0.00853508  0.257114
0.00824469  0.261967
0.00817651  0.263053
0.00783301  0.268858
0.00751033  0.27505
0.00750393  0.275167
0.00718868  0.281198
0.00688668  0.287771
0.0068426 0.288785
0.00659736  0.294172
0.0063202 0.30101
0.00623708  0.303207
0.00605468  0.307817
0.00580031  0.314941
0.00568814  0.318349
0.00555664  0.322175
0.0053232 0.329608
0.00519046  0.334247
0.00509956  0.337294
0.00488532  0.345063
0.00473918  0.350939
0.00468008  0.353222
0.00448347  0.361357
0.00432995  0.368464
0.00429511  0.370017
0.00411467  0.378552
0.00395881  0.386865
0.00394181  0.38774
0.00377621  0.396716
0.00362221  0.406185
0.00361756  0.406461
0.00346559  0.415922
0.00331999  0.426231
0.00331678  0.426469
0.00318052  0.436256
0.0030469 0.447151
0.00303971  0.447766
0.00291889  0.457817
0.00279627  0.469366
0.00278856  0.470127
0.00267879  0.480716
0.00256625  0.492997
0.00256094  0.493605
0.00245844  0.505085
0.00235516  0.518188
0.00235466  0.518255
0.00225622  0.531076
0.00216752  0.544136
0.00216143  0.545021
0.00207063  0.558875
0.00199792  0.57131
0.00198364  0.573732
0.0019003 0.588703
0.00184434  0.59984
0.00182047  0.604574
0.00174399  0.62083
0.00170533  0.629796
0.00167072  0.637841
0.00160053  0.655593
0.00157966  0.661247
0.00153329  0.673913
0.00146888  0.693413
0.00146618  0.694269
0.00140717  0.713266
0.00136321  0.72894
0.00134805  0.734468
0.00129142  0.75652
0.0012704 0.765342
0.00123716  0.779729
0.001187  0.803563
0.00118519  0.804459
0.0011354 0.830226
0.0011115 0.843692
0.0010877 0.857786
0.0010441 0.885825
0.001042  0.887261
0.000998227 0.918627
0.000983384 0.930062
0.00095629  0.952536
0.000929348 0.976508
0.000916115 0.98937
0.000881437 1.02527
0.000877628 1.02965
0.000840758 1.0743
0.000839047 1.07647
0.000805437 1.12475
0.000801799 1.13023
0.000771599 1.18287
0.000769499 1.18668
0.000741759 1.24594
0.000739183 1.25264
0.000718286 1.30816
0.000708129 1.34249
0.000699062 1.37349
0.000683826 1.44208
0.00067838  1.47651
0.00067238  1.51409
0.000664633 1.5897
0.000660666 1.66909
0.000660438 1.75244
0.00066403  1.83996
0.00067161  1.93184
0.00067838  1.98797
0.000683205 2.02832
0.000698794 2.12961
0.000708129 2.1806
0.000718392 2.23596
0.000739183 2.33512
0.000741862 2.34762
0.000768735 2.46486
0.000771599 2.47692
0.000798873 2.58795
0.000805437 2.61406
0.00083241  2.71719
0.000840758 2.74866
0.000869673 2.85289
0.000877628 2.8813
0.000911205 2.99535
0.000916115 3.01203
0.00095629  3.14132
0.000957469 3.14494
0.000998227 3.27245
0.00100826  3.30199
0.001042  3.40614
0.00106296  3.46689
0.0010877 3.54572
0.00111912  3.64003
0.0011354 3.698
0.00117192  3.8218
0.00118519  3.88258
0.00121441  4.01266
0.00123716  4.18925
0.00124023  4.21305
0.00124614  4.42344
0.00123716  4.61722
0.00123587  4.64435
0.00121481  4.87628
0.00118882  5.11979
0.00118519  5.15254
0.00116058  5.37547
0.0011354 5.62373
0.00113336  5.64392
0.00110582  5.92577
0.0010877 6.10261
0.00107564  6.22169
0.00104225  6.5324
0.001042  6.53481
0.00100953  6.85862
0.000998227 7.00377
0.000983009 7.20113
0.000966  7.56075
0.000962617 7.93832
0.000972817 8.33475
0.000992454 8.75098
0.000998227 8.83487
0.00102297  9.188
0.001042  9.39718
0.00106561  9.64683
0.0010877 9.91004
0.00110665  10.1286
0.0011354 10.5498
0.00114128  10.6344
0.00117038  11.1655
0.00117601  11.7231
0.0011518 12.3085
0.0011354 12.4983
0.0011004 12.9232
0.0010877 13.1566
0.00106575  13.5685
0.00106642  14.2461
0.00107606  14.9576
0.0010877 15.4693
0.00109298  15.7045
0.00111717  16.4888
0.00111763  17.3122
0.00111342  18.1768
0.00112591  19.0845
0.00111067  20.0376
0.00111072  21.0382
0.00110639  22.0889
0.00110635  23.1919
0.00112821  24.3501
0.00111457  25.5661
0.00112068  26.8429
0.00110172  28.1834
0.00110527  29.5908
0.00113247  31.0686
0.00110702  32.6201
0.00112849  34.2491
0.0010888 35.9595
0.00113007  37.7553
0.00111502  39.6407
0.00109893  41.6203
0.00112279  43.6988
0.00110196  45.8811
0.00112498  48.1723
0.00112188  50.578
0.00110957  53.1038
0.00111815  55.7557
0.00110615  58.5401
0.00111785  61.4635
0.00111855  64.533
0.00111802  67.7557
0.00112494  71.1393
0.00110593  74.6919
0.00112359  78.422
0.00111928  82.3383
0.0011097 86.4502
0.00111614  90.7674
0.00112395  95.3002
0.00112277  100