 -2.545000    
  1.400000    
 0.2851020E-02
  25.11890    
 -2.585000    
  1.410000    
 0.2600160E-02
  25.70400    
 -2.625000    
  1.420000    
 0.2371370E-02
  26.30270    
 -2.635000    
  1.430000    
 0.2317390E-02
  26.91530    
 -2.595000    
  1.440000    
 0.2540970E-02
  27.54230    
 -2.545000    
  1.450000    
 0.2851020E-02
  28.18380    
 -2.495000    
  1.450000    
 0.3198900E-02
  28.18380    
 -2.405000    
  1.440000    
 0.3935500E-02
  27.54230    
 -2.335000    
  1.430000    
 0.4623810E-02
  26.91530    
 -2.355000    
  1.420000    
 0.4415700E-02
  26.30270    
 -2.445000    
  1.410000    
 0.3589220E-02
  25.70400    
 -2.535000    
  1.400000    
 0.2917430E-02
  25.11890    
