 -.4999870E-02
 -1.560000    
 0.9885530    
 0.2754230E-01
 -.2499990E-01
 -1.550000    
 0.9440610    
 0.2818380E-01
 -.4499990E-01
 -1.540000    
 0.9015710    
 0.2884030E-01
 -.6499990E-01
 -1.530000    
 0.8609940    
 0.2951210E-01
 -.8499990E-01
 -1.520000    
 0.8222430    
 0.3019950E-01
 -.1050000    
 -1.510000    
 0.7852360    
 0.3090300E-01
 -.1250000    
 -1.500000    
 0.7498940    
 0.3162280E-01
 -.1450000    
 -1.490000    
 0.7161430    
 0.3235940E-01
 -.1650000    
 -1.480000    
 0.6839120    
 0.3311310E-01
 -.1850000    
 -1.470000    
 0.6531310    
 0.3388440E-01
 -.2050000    
 -1.460000    
 0.6237350    
 0.3467370E-01
 -.2250000    
 -1.450000    
 0.5956620    
 0.3548130E-01
 -.2450000    
 -1.440000    
 0.5688530    
 0.3630780E-01
 -.2650000    
 -1.430000    
 0.5432500    
 0.3715350E-01
 -.2850000    
 -1.420000    
 0.5188000    
 0.3801890E-01
 -.3050000    
 -1.410000    
 0.4954500    
 0.3890450E-01
 -.3250000    
 -1.400000    
 0.4731510    
 0.3981070E-01
 -.3450000    
 -1.390000    
 0.4518560    
 0.4073800E-01
 -.3650000    
 -1.380000    
 0.4315190    
 0.4168690E-01
 -.3850000    
 -1.370000    
 0.4120980    
 0.4265800E-01
 -.4050000    
 -1.360000    
 0.3935500    
 0.4365160E-01
 -.4250000    
 -1.350000    
 0.3758370    
 0.4466840E-01
 -.4450000    
 -1.340000    
 0.3589220    
 0.4570880E-01
 -.4550000    
 -1.330000    
 0.3507520    
 0.4677350E-01
 -.4750000    
 -1.320000    
 0.3349650    
 0.4786300E-01
 -.4950000    
 -1.310000    
 0.3198900    
 0.4897790E-01
 -.5150000    
 -1.300000    
 0.3054920    
 0.5011870E-01
 -.5350000    
 -1.290000    
 0.2917430    
 0.5128610E-01
 -.5550000    
 -1.280000    
 0.2786120    
 0.5248070E-01
 -.5750000    
 -1.270000    
 0.2660730    
 0.5370320E-01
 -.5950000    
 -1.260000    
 0.2540970    
 0.5495410E-01
 -.6150000    
 -1.250000    
 0.2426610    
 0.5623410E-01
 -.6350000    
 -1.240000    
 0.2317390    
 0.5754400E-01
 -.6550000    
 -1.230000    
 0.2213090    
 0.5888440E-01
 -.6750000    
 -1.220000    
 0.2113490    
 0.6025600E-01
 -.6950000    
 -1.210000    
 0.2018370    
 0.6165950E-01
 -.7150000    
 -1.200000    
 0.1927530    
 0.6309570E-01
 -.7350000    
 -1.190000    
 0.1840770    
 0.6456540E-01
 -.7550000    
 -1.180000    
 0.1757920    
 0.6606930E-01
 -.7750000    
 -1.170000    
 0.1678800    
 0.6760830E-01
 -.7950000    
 -1.160000    
 0.1603250    
 0.6918310E-01
 -.8150000    
 -1.150000    
 0.1531090    
 0.7079460E-01
 -.8350000    
 -1.140000    
 0.1462180    
 0.7244360E-01
 -.8550000    
 -1.130000    
 0.1396370    
 0.7413100E-01
 -.8750000    
 -1.120000    
 0.1333520    
 0.7585780E-01
 -.8950000    
 -1.110000    
 0.1273500    
 0.7762470E-01
 -.9150000    
 -1.100000    
 0.1216190    
 0.7943280E-01
 -.9250000    
 -1.090000    
 0.1188500    
 0.8128300E-01
 -.9450000    
 -1.080000    
 0.1135010    
 0.8317640E-01
 -.9650000    
 -1.070000    
 0.1083930    
 0.8511380E-01
 -.9850000    
 -1.060000    
 0.1035140    
 0.8709640E-01
 -1.005000    
 -1.050000    
 0.9885530E-01
 0.8912510E-01
 -1.025000    
 -1.040000    
 0.9440610E-01
 0.9120110E-01
 -1.045000    
 -1.030000    
 0.9015710E-01
 0.9332540E-01
 -1.065000    
 -1.020000    
 0.8609940E-01
 0.9549930E-01
 -1.085000    
 -1.010000    
 0.8222430E-01
 0.9772370E-01
 -1.105000    
 -1.000000    
 0.7852360E-01
 0.1000000    
 -1.125000    
 -.9900000    
 0.7498940E-01
 0.1023290    
 -1.145000    
 -.9800000    
 0.7161430E-01
 0.1047130    
 -1.155000    
 -.9700000    
 0.6998420E-01
 0.1071520    
 -1.175000    
 -.9600000    
 0.6683440E-01
 0.1096480    
 -1.195000    
 -.9500000    
 0.6382630E-01
 0.1122020    
 -1.215000    
 -.9400000    
 0.6095370E-01
 0.1148150    
 -1.235000    
 -.9300000    
 0.5821030E-01
 0.1174900    
 -1.255000    
 -.9200000    
 0.5559040E-01
 0.1202260    
 -1.275000    
 -.9100000    
 0.5308840E-01
 0.1230270    
 -1.295000    
 -.9000000    
 0.5069910E-01
 0.1258930    
 -1.305000    
 -.8900000    
 0.4954500E-01
 0.1288250    
 -1.325000    
 -.8800000    
 0.4731510E-01
 0.1318260    
 -1.345000    
 -.8700000    
 0.4518560E-01
 0.1348960    
 -1.365000    
 -.8600000    
 0.4315190E-01
 0.1380380    
 -1.385000    
 -.8500000    
 0.4120980E-01
 0.1412540    
 -1.405000    
 -.8400000    
 0.3935500E-01
 0.1445440    
 -1.415000    
 -.8300000    
 0.3845920E-01
 0.1479110    
 -1.435000    
 -.8200000    
 0.3672820E-01
 0.1513560    
 -1.455000    
 -.8100000    
 0.3507520E-01
 0.1548820    
 -1.475000    
 -.8000000    
 0.3349650E-01
 0.1584890    
 -1.495000    
 -.7900000    
 0.3198900E-01
 0.1621810    
 -1.505000    
 -.7800000    
 0.3126080E-01
 0.1659590    
 -1.525000    
 -.7700000    
 0.2985380E-01
 0.1698240    
 -1.545000    
 -.7600000    
 0.2851020E-01
 0.1737800    
 -1.565000    
 -.7500000    
 0.2722700E-01
 0.1778280    
 -1.575000    
 -.7400000    
 0.2660720E-01
 0.1819700    
 -1.595000    
 -.7300000    
 0.2540970E-01
 0.1862090    
 -1.615000    
 -.7200000    
 0.2426610E-01
 0.1905460    
 -1.635000    
 -.7100000    
 0.2317390E-01
 0.1949840    
 -1.645000    
 -.7000000    
 0.2264640E-01
 0.1995260    
 -1.665000    
 -.6900000    
 0.2162720E-01
 0.2041740    
 -1.685000    
 -.6800000    
 0.2065380E-01
 0.2089300    
 -1.705000    
 -.6700000    
 0.1972420E-01
 0.2137960    
 -1.715000    
 -.6600000    
 0.1927520E-01
 0.2187760    
 -1.735000    
 -.6500000    
 0.1840770E-01
 0.2238720    
 -1.755000    
 -.6400000    
 0.1757920E-01
 0.2290870    
 -1.765000    
 -.6300000    
 0.1717910E-01
 0.2344230    
 -1.785000    
 -.6200000    
 0.1640590E-01
 0.2398830    
 -1.805000    
 -.6100000    
 0.1566750E-01
 0.2454710    
 -1.825000    
 -.6000000    
 0.1496240E-01
 0.2511890    
 -1.835000    
 -.5900000    
 0.1462180E-01
 0.2570400    
 -1.855000    
 -.5800000    
 0.1396370E-01
 0.2630270    
 -1.875000    
 -.5700000    
 0.1333520E-01
 0.2691530    
 -1.885000    
 -.5600000    
 0.1303170E-01
 0.2754230    
 -1.905000    
 -.5500000    
 0.1244510E-01
 0.2818380    
 -1.925000    
 -.5400000    
 0.1188500E-01
 0.2884030    
 -1.935000    
 -.5300000    
 0.1161450E-01
 0.2951210    
 -1.955000    
 -.5200000    
 0.1109170E-01
 0.3019950    
 -1.975000    
 -.5100000    
 0.1059250E-01
 0.3090300    
 -1.995000    
 -.5000000    
 0.1011580E-01
 0.3162280    
 -2.005000    
 -.4900000    
 0.9885530E-02
 0.3235940    
 -2.025000    
 -.4800000    
 0.9440610E-02
 0.3311310    
 -2.045000    
 -.4700000    
 0.9015710E-02
 0.3388440    
 -2.055000    
 -.4600000    
 0.8810490E-02
 0.3467370    
 -2.075000    
 -.4500000    
 0.8413950E-02
 0.3548130    
 -2.095000    
 -.4400000    
 0.8035260E-02
 0.3630780    
 -2.115000    
 -.4300000    
 0.7673610E-02
 0.3715350    
 -2.125000    
 -.4200000    
 0.7498940E-02
 0.3801890    
 -2.145000    
 -.4100000    
 0.7161430E-02
 0.3890450    
 -2.165000    
 -.4000000    
 0.6839120E-02
 0.3981070    
 -2.185000    
 -.3900000    
 0.6531310E-02
 0.4073800    
 -2.195000    
 -.3800000    
 0.6382640E-02
 0.4168690    
 -2.215000    
 -.3700000    
 0.6095370E-02
 0.4265800    
 -2.235000    
 -.3600000    
 0.5821030E-02
 0.4365160    
 -2.255000    
 -.3500000    
 0.5559040E-02
 0.4466840    
 -2.275000    
 -.3400000    
 0.5308840E-02
 0.4570880    
 -2.285000    
 -.3300000    
 0.5188000E-02
 0.4677350    
 -2.305000    
 -.3200000    
 0.4954500E-02
 0.4786300    
 -2.325000    
 -.3100000    
 0.4731510E-02
 0.4897790    
 -2.345000    
 -.3000000    
 0.4518560E-02
 0.5011870    
 -2.365000    
 -.2900000    
 0.4315190E-02
 0.5128610    
 -2.385000    
 -.2800000    
 0.4120980E-02
 0.5248070    
 -2.395000    
 -.2700000    
 0.4027170E-02
 0.5370320    
 -2.415000    
 -.2600000    
 0.3845920E-02
 0.5495410    
 -2.435000    
 -.2500000    
 0.3672820E-02
 0.5623410    
 -2.455000    
 -.2400000    
 0.3507520E-02
 0.5754400    
 -2.475000    
 -.2300000    
 0.3349660E-02
 0.5888440    
 -2.495000    
 -.2200000    
 0.3198900E-02
 0.6025600    
 -2.505000    
 -.2100000    
 0.3126080E-02
 0.6165950    
 -2.525000    
 -.2000000    
 0.2985380E-02
 0.6309570    
 -2.545000    
 -.1900000    
 0.2851020E-02
 0.6456540    
 -2.565000    
 -.1800000    
 0.2722700E-02
 0.6606930    
 -2.585000    
 -.1700000    
 0.2600160E-02
 0.6760830    
 -2.595000    
 -.1600000    
 0.2540970E-02
 0.6918310    
 -2.615000    
 -.1500000    
 0.2426610E-02
 0.7079460    
 -2.635000    
 -.1400000    
 0.2317390E-02
 0.7244360    
 -2.655000    
 -.1300000    
 0.2213090E-02
 0.7413100    
 -2.665000    
 -.1200000    
 0.2162720E-02
 0.7585780    
 -2.685000    
 -.1100000    
 0.2065380E-02
 0.7762470    
 -2.705000    
 -.1000000    
 0.1972420E-02
 0.7943280    
 -2.715000    
 -.9000000E-01
 0.1927530E-02
 0.8128310    
 -2.735000    
 -.8000000E-01
 0.1840770E-02
 0.8317640    
 -2.745000    
 -.7000000E-01
 0.1798870E-02
 0.8511380    
 -2.765000    
 -.6000000E-01
 0.1717910E-02
 0.8709640    
 -2.785000    
 -.5000000E-01
 0.1640590E-02
 0.8912510    
 -2.795000    
 -.4000000E-01
 0.1603250E-02
 0.9120110    
 -2.815000    
 -.3000000E-01
 0.1531090E-02
 0.9332540    
 -2.825000    
 -.2000000E-01
 0.1496240E-02
 0.9549930    
 -2.845000    
 -.1000000E-01
 0.1428890E-02
 0.9772370    
 -2.855000    
  0.000000    
 0.1396370E-02
  1.000000    
 -2.875000    
 0.1000000E-01
 0.1333520E-02
  1.023290    
 -2.885000    
 0.2000000E-01
 0.1303170E-02
  1.047130    
 -2.895000    
 0.3000000E-01
 0.1273500E-02
  1.071520    
 -2.915000    
 0.4000000E-01
 0.1216190E-02
  1.096480    
 -2.925000    
 0.5000000E-01
 0.1188500E-02
  1.122020    
 -2.935000    
 0.6000000E-01
 0.1161450E-02
  1.148150    
 -2.945000    
 0.7000000E-01
 0.1135010E-02
  1.174900    
 -2.955000    
 0.8000000E-01
 0.1109180E-02
  1.202260    
 -2.985000    
 0.9000000E-01
 0.1035140E-02
  1.230270    
 -2.995000    
 0.1000000    
 0.1011580E-02
  1.258930    
 -3.005000    
 0.1100000    
 0.9885530E-03
  1.288250    
 -3.015000    
 0.1200000    
 0.9660510E-03
  1.318260    
 -3.025000    
 0.1300000    
 0.9440610E-03
  1.348960    
 -3.035000    
 0.1400000    
 0.9225710E-03
  1.380380    
 -3.035000    
 0.1500000    
 0.9225710E-03
  1.412540    
 -3.045000    
 0.1600000    
 0.9015710E-03
  1.445440    
 -3.055000    
 0.1700000    
 0.8810490E-03
  1.479110    
 -3.065000    
 0.1800000    
 0.8609940E-03
  1.513560    
 -3.065000    
 0.1900000    
 0.8609940E-03
  1.548820    
 -3.075000    
 0.2000000    
 0.8413950E-03
  1.584890    
 -3.075000    
 0.2100000    
 0.8413950E-03
  1.621810    
 -3.085000    
 0.2200000    
 0.8222430E-03
  1.659590    
 -3.085000    
 0.2300000    
 0.8222430E-03
  1.698240    
 -3.085000    
 0.2400000    
 0.8222430E-03
  1.737800    
 -3.085000    
 0.2500000    
 0.8222430E-03
  1.778280    
 -3.095000    
 0.2600000    
 0.8035260E-03
  1.819700    
 -3.085000    
 0.2700000    
 0.8222430E-03
  1.862090    
 -3.085000    
 0.2800000    
 0.8222430E-03
  1.905460    
 -3.085000    
 0.2900000    
 0.8222430E-03
  1.949840    
 -3.085000    
 0.3000000    
 0.8222430E-03
  1.995260    
 -3.075000    
 0.3100000    
 0.8413950E-03
  2.041740    
 -3.075000    
 0.3200000    
 0.8413950E-03
  2.089300    
 -3.065000    
 0.3300000    
 0.8609940E-03
  2.137960    
 -3.055000    
 0.3400000    
 0.8810490E-03
  2.187760    
 -3.045000    
 0.3500000    
 0.9015710E-03
  2.238720    
 -3.025000    
 0.3600000    
 0.9440610E-03
  2.290870    
 -3.005000    
 0.3700000    
 0.9885530E-03
  2.344230    
 -2.995000    
 0.3800000    
 0.1011580E-02
  2.398830    
 -2.975000    
 0.3900000    
 0.1059250E-02
  2.454710    
 -2.945000    
 0.4000000    
 0.1135010E-02
  2.511890    
 -2.925000    
 0.4100000    
 0.1188500E-02
  2.570400    
 -2.905000    
 0.4200000    
 0.1244510E-02
  2.630270    
 -2.875000    
 0.4300000    
 0.1333520E-02
  2.691530    
 -2.845000    
 0.4400000    
 0.1428890E-02
  2.754230    
 -2.805000    
 0.4500000    
 0.1566750E-02
  2.818380    
 -2.775000    
 0.4600000    
 0.1678800E-02
  2.884030    
 -2.735000    
 0.4700000    
 0.1840770E-02
  2.951210    
 -2.695000    
 0.4800000    
 0.2018370E-02
  3.019950    
 -2.635000    
 0.4900000    
 0.2317390E-02
  3.090300    
 -2.605000    
 0.5000000    
 0.2483130E-02
  3.162280    
 -2.565000    
 0.5100000    
 0.2722700E-02
  3.235940    
 -2.505000    
 0.5200000    
 0.3126080E-02
  3.311310    
 -2.465000    
 0.5300000    
 0.3427680E-02
  3.388440    
 -2.365000    
 0.5300000    
 0.4315190E-02
  3.388440    
 -2.355000    
 0.5200000    
 0.4415700E-02
  3.311310    
 -2.335000    
 0.5100000    
 0.4623810E-02
  3.235940    
 -2.345000    
 0.5000000    
 0.4518560E-02
  3.162280    
 -2.335000    
 0.4900000    
 0.4623810E-02
  3.090300    
 -2.325000    
 0.4800000    
 0.4731510E-02
  3.019950    
 -2.335000    
 0.4700000    
 0.4623810E-02
  2.951210    
 -2.345000    
 0.4600000    
 0.4518560E-02
  2.884030    
 -2.345000    
 0.4500000    
 0.4518560E-02
  2.818380    
 -2.355000    
 0.4400000    
 0.4415700E-02
  2.754230    
 -2.365000    
 0.4300000    
 0.4315190E-02
  2.691530    
 -2.375000    
 0.4200000    
 0.4216960E-02
  2.630270    
 -2.385000    
 0.4100000    
 0.4120980E-02
  2.570400    
 -2.395000    
 0.4000000    
 0.4027170E-02
  2.511890    
 -2.395000    
 0.3900000    
 0.4027170E-02
  2.454710    
 -2.405000    
 0.3800000    
 0.3935500E-02
  2.398830    
 -2.415000    
 0.3700000    
 0.3845920E-02
  2.344230    
 -2.415000    
 0.3600000    
 0.3845920E-02
  2.290870    
 -2.425000    
 0.3500000    
 0.3758370E-02
  2.238720    
 -2.425000    
 0.3400000    
 0.3758370E-02
  2.187760    
 -2.425000    
 0.3300000    
 0.3758370E-02
  2.137960    
 -2.425000    
 0.3200000    
 0.3758370E-02
  2.089300    
 -2.435000    
 0.3100000    
 0.3672820E-02
  2.041740    
 -2.435000    
 0.3000000    
 0.3672820E-02
  1.995260    
 -2.435000    
 0.2900000    
 0.3672820E-02
  1.949840    
 -2.425000    
 0.2800000    
 0.3758370E-02
  1.905460    
 -2.425000    
 0.2700000    
 0.3758370E-02
  1.862090    
 -2.425000    
 0.2600000    
 0.3758370E-02
  1.819700    
 -2.425000    
 0.2500000    
 0.3758370E-02
  1.778280    
 -2.415000    
 0.2400000    
 0.3845920E-02
  1.737800    
 -2.415000    
 0.2300000    
 0.3845920E-02
  1.698240    
 -2.405000    
 0.2200000    
 0.3935500E-02
  1.659590    
 -2.395000    
 0.2100000    
 0.4027170E-02
  1.621810    
 -2.395000    
 0.2000000    
 0.4027170E-02
  1.584890    
 -2.385000    
 0.1900000    
 0.4120980E-02
  1.548820    
 -2.375000    
 0.1800000    
 0.4216960E-02
  1.513560    
 -2.375000    
 0.1700000    
 0.4216960E-02
  1.479110    
 -2.365000    
 0.1600000    
 0.4315190E-02
  1.445440    
 -2.355000    
 0.1500000    
 0.4415700E-02
  1.412540    
 -2.345000    
 0.1400000    
 0.4518560E-02
  1.380380    
 -2.335000    
 0.1300000    
 0.4623810E-02
  1.348960    
 -2.325000    
 0.1200000    
 0.4731510E-02
  1.318260    
 -2.315000    
 0.1100000    
 0.4841720E-02
  1.288250    
 -2.305000    
 0.1000000    
 0.4954500E-02
  1.258930    
 -2.295000    
 0.9000000E-01
 0.5069910E-02
  1.230270    
 -2.285000    
 0.8000000E-01
 0.5188000E-02
  1.202260    
 -2.265000    
 0.7000000E-01
 0.5432500E-02
  1.174900    
 -2.255000    
 0.6000000E-01
 0.5559040E-02
  1.148150    
 -2.245000    
 0.5000000E-01
 0.5688530E-02
  1.122020    
 -2.235000    
 0.4000000E-01
 0.5821030E-02
  1.096480    
 -2.215000    
 0.3000000E-01
 0.6095370E-02
  1.071520    
 -2.205000    
 0.2000000E-01
 0.6237350E-02
  1.047130    
 -2.195000    
 0.1000000E-01
 0.6382640E-02
  1.023290    
 -2.175000    
  0.000000    
 0.6683440E-02
  1.000000    
 -2.165000    
 -.1000000E-01
 0.6839120E-02
 0.9772370    
 -2.145000    
 -.2000000E-01
 0.7161430E-02
 0.9549930    
 -2.135000    
 -.3000000E-01
 0.7328250E-02
 0.9332540    
 -2.125000    
 -.4000000E-01
 0.7498940E-02
 0.9120110    
 -2.105000    
 -.5000000E-01
 0.7852360E-02
 0.8912510    
 -2.095000    
 -.6000000E-01
 0.8035260E-02
 0.8709640    
 -2.075000    
 -.7000000E-01
 0.8413950E-02
 0.8511380    
 -2.055000    
 -.8000000E-01
 0.8810490E-02
 0.8317640    
 -2.045000    
 -.9000000E-01
 0.9015710E-02
 0.8128310    
 -2.025000    
 -.1000000    
 0.9440610E-02
 0.7943280    
 -2.015000    
 -.1100000    
 0.9660510E-02
 0.7762470    
 -1.995000    
 -.1200000    
 0.1011580E-01
 0.7585780    
 -1.975000    
 -.1300000    
 0.1059250E-01
 0.7413100    
 -1.965000    
 -.1400000    
 0.1083930E-01
 0.7244360    
 -1.945000    
 -.1500000    
 0.1135010E-01
 0.7079460    
 -1.925000    
 -.1600000    
 0.1188500E-01
 0.6918310    
 -1.915000    
 -.1700000    
 0.1216190E-01
 0.6760830    
 -1.895000    
 -.1800000    
 0.1273500E-01
 0.6606930    
 -1.875000    
 -.1900000    
 0.1333520E-01
 0.6456540    
 -1.855000    
 -.2000000    
 0.1396370E-01
 0.6309570    
 -1.845000    
 -.2100000    
 0.1428890E-01
 0.6165950    
 -1.825000    
 -.2200000    
 0.1496240E-01
 0.6025600    
 -1.805000    
 -.2300000    
 0.1566750E-01
 0.5888440    
 -1.785000    
 -.2400000    
 0.1640590E-01
 0.5754400    
 -1.775000    
 -.2500000    
 0.1678800E-01
 0.5623410    
 -1.755000    
 -.2600000    
 0.1757920E-01
 0.5495410    
 -1.735000    
 -.2700000    
 0.1840770E-01
 0.5370320    
 -1.715000    
 -.2800000    
 0.1927520E-01
 0.5248070    
 -1.695000    
 -.2900000    
 0.2018370E-01
 0.5128610    
 -1.685000    
 -.3000000    
 0.2065380E-01
 0.5011870    
 -1.665000    
 -.3100000    
 0.2162720E-01
 0.4897790    
 -1.645000    
 -.3200000    
 0.2264640E-01
 0.4786300    
 -1.625000    
 -.3300000    
 0.2371370E-01
 0.4677350    
 -1.605000    
 -.3400000    
 0.2483130E-01
 0.4570880    
 -1.595000    
 -.3500000    
 0.2540970E-01
 0.4466840    
 -1.575000    
 -.3600000    
 0.2660720E-01
 0.4365160    
 -1.555000    
 -.3700000    
 0.2786120E-01
 0.4265800    
 -1.535000    
 -.3800000    
 0.2917430E-01
 0.4168690    
 -1.515000    
 -.3900000    
 0.3054920E-01
 0.4073800    
 -1.505000    
 -.4000000    
 0.3126080E-01
 0.3981070    
 -1.485000    
 -.4100000    
 0.3273410E-01
 0.3890450    
 -1.465000    
 -.4200000    
 0.3427680E-01
 0.3801890    
 -1.445000    
 -.4300000    
 0.3589220E-01
 0.3715350    
 -1.435000    
 -.4400000    
 0.3672820E-01
 0.3630780    
 -1.415000    
 -.4500000    
 0.3845920E-01
 0.3548130    
 -1.395000    
 -.4600000    
 0.4027170E-01
 0.3467370    
 -1.385000    
 -.4700000    
 0.4120980E-01
 0.3388440    
 -1.365000    
 -.4800000    
 0.4315190E-01
 0.3311310    
 -1.345000    
 -.4900000    
 0.4518560E-01
 0.3235940    
 -1.335000    
 -.5000000    
 0.4623810E-01
 0.3162280    
 -1.315000    
 -.5100000    
 0.4841720E-01
 0.3090300    
 -1.295000    
 -.5200000    
 0.5069910E-01
 0.3019950    
 -1.275000    
 -.5300000    
 0.5308840E-01
 0.2951210    
 -1.265000    
 -.5400000    
 0.5432500E-01
 0.2884030    
 -1.245000    
 -.5500000    
 0.5688530E-01
 0.2818380    
 -1.225000    
 -.5600000    
 0.5956620E-01
 0.2754230    
 -1.215000    
 -.5700000    
 0.6095370E-01
 0.2691530    
 -1.195000    
 -.5800000    
 0.6382630E-01
 0.2630270    
 -1.175000    
 -.5900000    
 0.6683440E-01
 0.2570400    
 -1.155000    
 -.6000000    
 0.6998420E-01
 0.2511890    
 -1.145000    
 -.6100000    
 0.7161430E-01
 0.2454710    
 -1.125000    
 -.6200000    
 0.7498940E-01
 0.2398830    
 -1.105000    
 -.6300000    
 0.7852360E-01
 0.2344230    
 -1.085000    
 -.6400000    
 0.8222430E-01
 0.2290870    
 -1.075000    
 -.6500000    
 0.8413950E-01
 0.2238720    
 -1.055000    
 -.6600000    
 0.8810490E-01
 0.2187760    
 -1.035000    
 -.6700000    
 0.9225710E-01
 0.2137960    
 -1.015000    
 -.6800000    
 0.9660510E-01
 0.2089300    
 -.9950000    
 -.6900000    
 0.1011580    
 0.2041740    
 -.9850000    
 -.7000000    
 0.1035140    
 0.1995260    
 -.9650000    
 -.7100000    
 0.1083930    
 0.1949840    
 -.9450000    
 -.7200000    
 0.1135010    
 0.1905460    
 -.9250000    
 -.7300000    
 0.1188500    
 0.1862090    
 -.9150000    
 -.7400000    
 0.1216190    
 0.1819700    
 -.8950000    
 -.7500000    
 0.1273500    
 0.1778280    
 -.8750000    
 -.7600000    
 0.1333520    
 0.1737800    
 -.8550000    
 -.7700000    
 0.1396370    
 0.1698240    
 -.8350000    
 -.7800000    
 0.1462180    
 0.1659590    
 -.8150000    
 -.7900000    
 0.1531090    
 0.1621810    
 -.8050000    
 -.8000000    
 0.1566750    
 0.1584890    
 -.7850000    
 -.8100000    
 0.1640590    
 0.1548820    
 -.7650000    
 -.8200000    
 0.1717910    
 0.1513560    
 -.7450000    
 -.8300000    
 0.1798870    
 0.1479110    
 -.7250000    
 -.8400000    
 0.1883650    
 0.1445440    
 -.7050000    
 -.8500000    
 0.1972420    
 0.1412540    
 -.6950000    
 -.8600000    
 0.2018370    
 0.1380380    
 -.6750000    
 -.8700000    
 0.2113490    
 0.1348960    
 -.6550000    
 -.8800000    
 0.2213090    
 0.1318260    
 -.6350000    
 -.8900000    
 0.2317390    
 0.1288250    
 -.6150000    
 -.9000000    
 0.2426610    
 0.1258930    
 -.5950000    
 -.9100000    
 0.2540970    
 0.1230270    
 -.5750000    
 -.9200000    
 0.2660730    
 0.1202260    
 -.5550000    
 -.9300000    
 0.2786120    
 0.1174900    
 -.5450000    
 -.9400000    
 0.2851020    
 0.1148150    
 -.5250000    
 -.9500000    
 0.2985380    
 0.1122020    
 -.5050000    
 -.9600000    
 0.3126080    
 0.1096480    
 -.4850000    
 -.9700000    
 0.3273410    
 0.1071520    
 -.4650000    
 -.9800000    
 0.3427680    
 0.1047130    
 -.4450000    
 -.9900000    
 0.3589220    
 0.1023290    
 -.4250000    
 -1.000000    
 0.3758370    
 0.1000000    
 -.4050000    
 -1.010000    
 0.3935500    
 0.9772370E-01
 -.3850000    
 -1.020000    
 0.4120980    
 0.9549930E-01
 -.3650000    
 -1.030000    
 0.4315190    
 0.9332540E-01
 -.3450000    
 -1.040000    
 0.4518560    
 0.9120110E-01
 -.3250000    
 -1.050000    
 0.4731510    
 0.8912510E-01
 -.3150000    
 -1.060000    
 0.4841720    
 0.8709640E-01
 -.2950000    
 -1.070000    
 0.5069910    
 0.8511380E-01
 -.2750000    
 -1.080000    
 0.5308840    
 0.8317640E-01
 -.2550000    
 -1.090000    
 0.5559040    
 0.8128300E-01
 -.2350000    
 -1.100000    
 0.5821030    
 0.7943280E-01
 -.2150000    
 -1.110000    
 0.6095370    
 0.7762470E-01
 -.1950000    
 -1.120000    
 0.6382640    
 0.7585780E-01
 -.1750000    
 -1.130000    
 0.6683440    
 0.7413100E-01
 -.1550000    
 -1.140000    
 0.6998420    
 0.7244360E-01
 -.1350000    
 -1.150000    
 0.7328250    
 0.7079460E-01
 -.1150000    
 -1.160000    
 0.7673610    
 0.6918310E-01
 -.9499990E-01
 -1.170000    
 0.8035260    
 0.6760830E-01
 -.7499990E-01
 -1.180000    
 0.8413950    
 0.6606930E-01
 -.5499990E-01
 -1.190000    
 0.8810490    
 0.6456540E-01
 -.3499990E-01
 -1.200000    
 0.9225720    
 0.6309570E-01
 -.1499990E-01
 -1.210000    
 0.9660510    
 0.6165950E-01
