 -2.675000    
 0.9900000    
 0.2113490E-02
  9.772370    
 -2.735000    
  1.000000    
 0.1840770E-02
  10.00000    
 -2.785000    
  1.010000    
 0.1640590E-02
  10.23290    
 -2.815000    
  1.020000    
 0.1531090E-02
  10.47130    
 -2.835000    
  1.030000    
 0.1462180E-02
  10.71520    
 -2.835000    
  1.040000    
 0.1462180E-02
  10.96480    
 -2.835000    
  1.050000    
 0.1462180E-02
  11.22020    
 -2.825000    
  1.060000    
 0.1496240E-02
  11.48150    
 -2.815000    
  1.070000    
 0.1531090E-02
  11.74900    
 -2.805000    
  1.080000    
 0.1566750E-02
  12.02260    
 -2.795000    
  1.090000    
 0.1603250E-02
  12.30270    
 -2.795000    
  1.100000    
 0.1603250E-02
  12.58930    
 -2.785000    
  1.110000    
 0.1640590E-02
  12.88250    
 -2.765000    
  1.120000    
 0.1717910E-02
  13.18260    
 -2.785000    
  1.130000    
 0.1640590E-02
  13.48960    
 -2.795000    
  1.140000    
 0.1603250E-02
  13.80380    
 -2.815000    
  1.150000    
 0.1531090E-02
  14.12540    
 -2.835000    
  1.160000    
 0.1462180E-02
  14.45440    
 -2.835000    
  1.170000    
 0.1462180E-02
  14.79110    
 -2.845000    
  1.180000    
 0.1428890E-02
  15.13560    
 -2.845000    
  1.190000    
 0.1428890E-02
  15.48820    
 -2.845000    
  1.200000    
 0.1428890E-02
  15.84890    
 -2.825000    
  1.210000    
 0.1496240E-02
  16.21810    
 -2.805000    
  1.220000    
 0.1566750E-02
  16.59590    
 -2.795000    
  1.230000    
 0.1603250E-02
  16.98240    
 -2.785000    
  1.240000    
 0.1640590E-02
  17.37800    
 -2.765000    
  1.250000    
 0.1717910E-02
  17.78280    
 -2.755000    
  1.260000    
 0.1757920E-02
  18.19700    
 -2.755000    
  1.270000    
 0.1757920E-02
  18.62090    
 -2.765000    
  1.280000    
 0.1717910E-02
  19.05460    
 -2.765000    
  1.290000    
 0.1717910E-02
  19.49840    
 -2.755000    
  1.300000    
 0.1757920E-02
  19.95260    
 -2.765000    
  1.310000    
 0.1717910E-02
  20.41740    
 -2.745000    
  1.320000    
 0.1798870E-02
  20.89300    
 -2.755000    
  1.330000    
 0.1757920E-02
  21.37960    
 -2.765000    
  1.340000    
 0.1717910E-02
  21.87760    
 -2.775000    
  1.350000    
 0.1678800E-02
  22.38720    
 -2.775000    
  1.360000    
 0.1678800E-02
  22.90870    
 -2.765000    
  1.370000    
 0.1717910E-02
  23.44230    
 -2.775000    
  1.380000    
 0.1678800E-02
  23.98830    
 -2.765000    
  1.390000    
 0.1717910E-02
  24.54710    
 -2.765000    
  1.400000    
 0.1717910E-02
  25.11890    
 -2.785000    
  1.410000    
 0.1640590E-02
  25.70400    
 -2.795000    
  1.420000    
 0.1603250E-02
  26.30270    
 -2.805000    
  1.430000    
 0.1566750E-02
  26.91530    
 -2.775000    
  1.440000    
 0.1678800E-02
  27.54230    
 -2.765000    
  1.450000    
 0.1717910E-02
  28.18380    
 -2.765000    
  1.460000    
 0.1717910E-02
  28.84030    
 -2.775000    
  1.470000    
 0.1678800E-02
  29.51210    
 -2.805000    
  1.480000    
 0.1566750E-02
  30.19950    
 -2.805000    
  1.490000    
 0.1566750E-02
  30.90300    
 -2.785000    
  1.500000    
 0.1640590E-02
  31.62280    
 -2.775000    
  1.510000    
 0.1678800E-02
  32.35940    
 -2.785000    
  1.520000    
 0.1640590E-02
  33.11310    
 -2.785000    
  1.530000    
 0.1640590E-02
  33.88440    
 -2.795000    
  1.540000    
 0.1603250E-02
  34.67370    
 -2.795000    
  1.550000    
 0.1603250E-02
  35.48130    
 -2.775000    
  1.560000    
 0.1678800E-02
  36.30780    
 -2.765000    
  1.570000    
 0.1717910E-02
  37.15350    
 -2.775000    
  1.580000    
 0.1678800E-02
  38.01890    
 -2.785000    
  1.590000    
 0.1640590E-02
  38.90450    
 -2.785000    
  1.600000    
 0.1640590E-02
  39.81070    
 -2.775000    
  1.610000    
 0.1678800E-02
  40.73800    
 -2.745000    
  1.620000    
 0.1798870E-02
  41.68690    
 -2.795000    
  1.630000    
 0.1603250E-02
  42.65800    
 -2.805000    
  1.640000    
 0.1566750E-02
  43.65160    
 -2.775000    
  1.650000    
 0.1678800E-02
  44.66840    
 -2.775000    
  1.660000    
 0.1678800E-02
  45.70880    
 -2.805000    
  1.670000    
 0.1566750E-02
  46.77350    
 -2.785000    
  1.680000    
 0.1640590E-02
  47.86300    
 -2.755000    
  1.690000    
 0.1757920E-02
  48.97790    
 -2.785000    
  1.700000    
 0.1640590E-02
  50.11870    
 -2.815000    
  1.710000    
 0.1531090E-02
  51.28610    
 -2.775000    
  1.720000    
 0.1678800E-02
  52.48080    
 -2.765000    
  1.730000    
 0.1717910E-02
  53.70320    
 -2.795000    
  1.740000    
 0.1603250E-02
  54.95410    
 -2.795000    
  1.750000    
 0.1603250E-02
  56.23410    
 -2.785000    
  1.760000    
 0.1640590E-02
  57.54400    
 -2.795000    
  1.770000    
 0.1603250E-02
  58.88440    
 -2.785000    
  1.780000    
 0.1640590E-02
  60.25600    
 -2.765000    
  1.790000    
 0.1717910E-02
  61.65950    
 -2.785000    
  1.800000    
 0.1640590E-02
  63.09570    
 -2.805000    
  1.810000    
 0.1566750E-02
  64.56540    
 -2.775000    
  1.820000    
 0.1678800E-02
  66.06940    
 -2.785000    
  1.830000    
 0.1640590E-02
  67.60830    
 -2.785000    
  1.840000    
 0.1640590E-02
  69.18310    
 -2.775000    
  1.850000    
 0.1678800E-02
  70.79460    
 -2.785000    
  1.860000    
 0.1640590E-02
  72.44360    
 -2.775000    
  1.870000    
 0.1678800E-02
  74.13100    
 -2.785000    
  1.880000    
 0.1640590E-02
  75.85780    
 -2.775000    
  1.890000    
 0.1678800E-02
  77.62470    
 -2.775000    
  1.900000    
 0.1678800E-02
  79.43280    
 -2.795000    
  1.910000    
 0.1603250E-02
  81.28300    
 -2.775000    
  1.920000    
 0.1678800E-02
  83.17640    
 -2.795000    
  1.930000    
 0.1603250E-02
  85.11380    
 -2.775000    
  1.940000    
 0.1678800E-02
  87.09640    
 -2.795000    
  1.950000    
 0.1603250E-02
  89.12510    
 -2.785000    
  1.960000    
 0.1640590E-02
  91.20110    
 -2.785000    
  1.970000    
 0.1640590E-02
  93.32540    
 -2.785000    
  1.980000    
 0.1640590E-02
  95.49930    
 -2.775000    
  1.990000    
 0.1678800E-02
  97.72370    
 -2.785000    
  2.000000    
 0.1640590E-02
  100.0000    
 -2.275000    
  2.000000    
 0.5308840E-02
  100.0000    
 -2.275000    
  1.990000    
 0.5308840E-02
  97.72370    
 -2.275000    
  1.980000    
 0.5308840E-02
  95.49930    
 -2.265000    
  1.970000    
 0.5432500E-02
  93.32540    
 -2.275000    
  1.960000    
 0.5308840E-02
  91.20110    
 -2.265000    
  1.950000    
 0.5432500E-02
  89.12510    
 -2.275000    
  1.940000    
 0.5308840E-02
  87.09640    
 -2.265000    
  1.930000    
 0.5432500E-02
  85.11380    
 -2.275000    
  1.920000    
 0.5308840E-02
  83.17640    
 -2.265000    
  1.910000    
 0.5432500E-02
  81.28300    
 -2.275000    
  1.900000    
 0.5308840E-02
  79.43280    
 -2.275000    
  1.890000    
 0.5308840E-02
  77.62470    
 -2.275000    
  1.880000    
 0.5308840E-02
  75.85780    
 -2.275000    
  1.870000    
 0.5308840E-02
  74.13100    
 -2.275000    
  1.860000    
 0.5308840E-02
  72.44360    
 -2.275000    
  1.850000    
 0.5308840E-02
  70.79460    
 -2.275000    
  1.840000    
 0.5308840E-02
  69.18310    
 -2.275000    
  1.830000    
 0.5308840E-02
  67.60830    
 -2.275000    
  1.820000    
 0.5308840E-02
  66.06940    
 -2.265000    
  1.810000    
 0.5432500E-02
  64.56540    
 -2.275000    
  1.800000    
 0.5308840E-02
  63.09570    
 -2.285000    
  1.790000    
 0.5188000E-02
  61.65950    
 -2.275000    
  1.780000    
 0.5308840E-02
  60.25600    
 -2.265000    
  1.770000    
 0.5432500E-02
  58.88440    
 -2.275000    
  1.760000    
 0.5308840E-02
  57.54400    
 -2.265000    
  1.750000    
 0.5432500E-02
  56.23410    
 -2.275000    
  1.740000    
 0.5308840E-02
  54.95410    
 -2.285000    
  1.730000    
 0.5188000E-02
  53.70320    
 -2.285000    
  1.720000    
 0.5188000E-02
  52.48080    
 -2.255000    
  1.710000    
 0.5559040E-02
  51.28610    
 -2.265000    
  1.700000    
 0.5432500E-02
  50.11870    
 -2.295000    
  1.690000    
 0.5069910E-02
  48.97790    
 -2.275000    
  1.680000    
 0.5308840E-02
  47.86300    
 -2.255000    
  1.670000    
 0.5559040E-02
  46.77350    
 -2.275000    
  1.660000    
 0.5308840E-02
  45.70880    
 -2.275000    
  1.650000    
 0.5308840E-02
  44.66840    
 -2.265000    
  1.640000    
 0.5432500E-02
  43.65160    
 -2.275000    
  1.630000    
 0.5308840E-02
  42.65800    
 -2.295000    
  1.620000    
 0.5069910E-02
  41.68690    
 -2.285000    
  1.610000    
 0.5188000E-02
  40.73800    
 -2.295000    
  1.600000    
 0.5069910E-02
  39.81070    
 -2.285000    
  1.590000    
 0.5188000E-02
  38.90450    
 -2.275000    
  1.580000    
 0.5308840E-02
  38.01890    
 -2.285000    
  1.570000    
 0.5188000E-02
  37.15350    
 -2.275000    
  1.560000    
 0.5308840E-02
  36.30780    
 -2.275000    
  1.550000    
 0.5308840E-02
  35.48130    
 -2.265000    
  1.540000    
 0.5432500E-02
  34.67370    
 -2.265000    
  1.530000    
 0.5432500E-02
  33.88440    
 -2.265000    
  1.520000    
 0.5432500E-02
  33.11310    
 -2.275000    
  1.510000    
 0.5308840E-02
  32.35940    
 -2.275000    
  1.500000    
 0.5308840E-02
  31.62280    
 -2.255000    
  1.490000    
 0.5559040E-02
  30.90300    
 -2.265000    
  1.480000    
 0.5432500E-02
  30.19950    
 -2.275000    
  1.470000    
 0.5308840E-02
  29.51210    
 -2.285000    
  1.460000    
 0.5188000E-02
  28.84030    
 -2.285000    
  1.450000    
 0.5188000E-02
  28.18380    
 -2.265000    
  1.440000    
 0.5432500E-02
  27.54230    
 -2.255000    
  1.430000    
 0.5559040E-02
  26.91530    
 -2.265000    
  1.420000    
 0.5432500E-02
  26.30270    
 -2.285000    
  1.410000    
 0.5188000E-02
  25.70400    
 -2.295000    
  1.400000    
 0.5069910E-02
  25.11890    
 -2.295000    
  1.390000    
 0.5069910E-02
  24.54710    
 -2.285000    
  1.380000    
 0.5188000E-02
  23.98830    
 -2.295000    
  1.370000    
 0.5069910E-02
  23.44230    
 -2.285000    
  1.360000    
 0.5188000E-02
  22.90870    
 -2.295000    
  1.350000    
 0.5069910E-02
  22.38720    
 -2.315000    
  1.340000    
 0.4841720E-02
  21.87760    
 -2.325000    
  1.330000    
 0.4731510E-02
  21.37960    
 -2.325000    
  1.320000    
 0.4731510E-02
  20.89300    
 -2.315000    
  1.310000    
 0.4841720E-02
  20.41740    
 -2.325000    
  1.300000    
 0.4731510E-02
  19.95260    
 -2.315000    
  1.290000    
 0.4841720E-02
  19.49840    
 -2.305000    
  1.280000    
 0.4954500E-02
  19.05460    
 -2.315000    
  1.270000    
 0.4841720E-02
  18.62090    
 -2.305000    
  1.260000    
 0.4954500E-02
  18.19700    
 -2.295000    
  1.250000    
 0.5069910E-02
  17.78280    
 -2.265000    
  1.240000    
 0.5432500E-02
  17.37800    
 -2.255000    
  1.230000    
 0.5559040E-02
  16.98240    
 -2.255000    
  1.220000    
 0.5559040E-02
  16.59590    
 -2.245000    
  1.210000    
 0.5688530E-02
  16.21810    
 -2.235000    
  1.200000    
 0.5821030E-02
  15.84890    
 -2.235000    
  1.190000    
 0.5821030E-02
  15.48820    
 -2.235000    
  1.180000    
 0.5821030E-02
  15.13560    
 -2.235000    
  1.170000    
 0.5821030E-02
  14.79110    
 -2.215000    
  1.160000    
 0.6095370E-02
  14.45440    
 -2.215000    
  1.150000    
 0.6095370E-02
  14.12540    
 -2.225000    
  1.140000    
 0.5956620E-02
  13.80380    
 -2.205000    
  1.130000    
 0.6237350E-02
  13.48960    
 -2.195000    
  1.120000    
 0.6382640E-02
  13.18260    
 -2.175000    
  1.110000    
 0.6683440E-02
  12.88250    
 -2.145000    
  1.100000    
 0.7161430E-02
  12.58930    
 -2.175000    
  1.090000    
 0.6683440E-02
  12.30270    
 -2.175000    
  1.080000    
 0.6683440E-02
  12.02260    
 -2.195000    
  1.070000    
 0.6382640E-02
  11.74900    
 -2.225000    
  1.060000    
 0.5956620E-02
  11.48150    
 -2.245000    
  1.050000    
 0.5688530E-02
  11.22020    
 -2.285000    
  1.040000    
 0.5188000E-02
  10.96480    
 -2.305000    
  1.030000    
 0.4954500E-02
  10.71520    
 -2.325000    
  1.020000    
 0.4731510E-02
  10.47130    
 -2.365000    
  1.010000    
 0.4315190E-02
  10.23290    
 -2.405000    
  1.000000    
 0.3935500E-02
  10.00000    
 -2.495000    
 0.9900000    
 0.3198900E-02
  9.772370    
