 -2.615000    
  1.630000    
 0.2426610E-02
  42.65800    
 -2.625000    
  1.640000    
 0.2371370E-02
  43.65160    
 -2.585000    
  1.650000    
 0.2600160E-02
  44.66840    
 -2.585000    
  1.660000    
 0.2600160E-02
  45.70880    
 -2.615000    
  1.670000    
 0.2426610E-02
  46.77350    
 -2.605000    
  1.680000    
 0.2483130E-02
  47.86300    
 -2.385000    
  1.680000    
 0.4120980E-02
  47.86300    
 -2.345000    
  1.670000    
 0.4518560E-02
  46.77350    
 -2.435000    
  1.660000    
 0.3672820E-02
  45.70880    
 -2.435000    
  1.650000    
 0.3672820E-02
  44.66840    
 -2.355000    
  1.640000    
 0.4415700E-02
  43.65160    
 -2.375000    
  1.630000    
 0.4216960E-02
  42.65800    
