 -2.605000    
  1.700000    
 0.2483130E-02
  50.11870    
 -2.635000    
  1.710000    
 0.2317390E-02
  51.28610    
 -2.575000    
  1.720000    
 0.2660720E-02
  52.48080    
 -2.565000    
  1.730000    
 0.2722700E-02
  53.70320    
 -2.615000    
  1.740000    
 0.2426610E-02
  54.95410    
 -2.625000    
  1.750000    
 0.2371370E-02
  56.23410    
 -2.595000    
  1.760000    
 0.2540970E-02
  57.54400    
 -2.615000    
  1.770000    
 0.2426610E-02
  58.88440    
 -2.585000    
  1.780000    
 0.2600160E-02
  60.25600    
 -2.555000    
  1.790000    
 0.2786120E-02
  61.65950    
 -2.595000    
  1.800000    
 0.2540970E-02
  63.09570    
 -2.625000    
  1.810000    
 0.2371370E-02
  64.56540    
 -2.575000    
  1.820000    
 0.2660720E-02
  66.06940    
 -2.605000    
  1.830000    
 0.2483130E-02
  67.60830    
 -2.595000    
  1.840000    
 0.2540970E-02
  69.18310    
 -2.585000    
  1.850000    
 0.2600160E-02
  70.79460    
 -2.605000    
  1.860000    
 0.2483130E-02
  72.44360    
 -2.575000    
  1.870000    
 0.2660720E-02
  74.13100    
 -2.605000    
  1.880000    
 0.2483130E-02
  75.85780    
 -2.585000    
  1.890000    
 0.2600160E-02
  77.62470    
 -2.595000    
  1.900000    
 0.2540970E-02
  79.43280    
 -2.625000    
  1.910000    
 0.2371370E-02
  81.28300    
 -2.595000    
  1.920000    
 0.2540970E-02
  83.17640    
 -2.615000    
  1.930000    
 0.2426610E-02
  85.11380    
 -2.595000    
  1.940000    
 0.2540970E-02
  87.09640    
 -2.615000    
  1.950000    
 0.2426610E-02
  89.12510    
 -2.585000    
  1.960000    
 0.2600160E-02
  91.20110    
 -2.615000    
  1.970000    
 0.2426610E-02
  93.32540    
 -2.595000    
  1.980000    
 0.2540970E-02
  95.49930    
 -2.585000    
  1.990000    
 0.2600160E-02
  97.72370    
 -2.595000    
  2.000000    
 0.2540970E-02
  100.0000    
 -2.415000    
  2.000000    
 0.3845920E-02
  100.0000    
 -2.415000    
  1.990000    
 0.3845920E-02
  97.72370    
 -2.415000    
  1.980000    
 0.3845920E-02
  95.49930    
 -2.365000    
  1.970000    
 0.4315190E-02
  93.32540    
 -2.435000    
  1.960000    
 0.3672820E-02
  91.20110    
 -2.355000    
  1.950000    
 0.4415700E-02
  89.12510    
 -2.415000    
  1.940000    
 0.3845920E-02
  87.09640    
 -2.365000    
  1.930000    
 0.4315190E-02
  85.11380    
 -2.415000    
  1.920000    
 0.3845920E-02
  83.17640    
 -2.355000    
  1.910000    
 0.4415700E-02
  81.28300    
 -2.415000    
  1.900000    
 0.3845920E-02
  79.43280    
 -2.455000    
  1.890000    
 0.3507520E-02
  77.62470    
 -2.385000    
  1.880000    
 0.4120980E-02
  75.85780    
 -2.465000    
  1.870000    
 0.3427680E-02
  74.13100    
 -2.385000    
  1.860000    
 0.4120980E-02
  72.44360    
 -2.435000    
  1.850000    
 0.3672820E-02
  70.79460    
 -2.435000    
  1.840000    
 0.3672820E-02
  69.18310    
 -2.385000    
  1.830000    
 0.4120980E-02
  67.60830    
 -2.465000    
  1.820000    
 0.3427680E-02
  66.06940    
 -2.355000    
  1.810000    
 0.4415700E-02
  64.56540    
 -2.385000    
  1.800000    
 0.4120980E-02
  63.09570    
 -2.495000    
  1.790000    
 0.3198900E-02
  61.65950    
 -2.435000    
  1.780000    
 0.3672820E-02
  60.25600    
 -2.365000    
  1.770000    
 0.4315190E-02
  58.88440    
 -2.405000    
  1.760000    
 0.3935500E-02
  57.54400    
 -2.355000    
  1.750000    
 0.4415700E-02
  56.23410    
 -2.365000    
  1.740000    
 0.4315190E-02
  54.95410    
 -2.475000    
  1.730000    
 0.3349660E-02
  53.70320    
 -2.475000    
  1.720000    
 0.3349660E-02
  52.48080    
 -2.335000    
  1.710000    
 0.4623810E-02
  51.28610    
 -2.365000    
  1.700000    
 0.4315190E-02
  50.11870    
