 -2.595000    
  1.020000    
 0.2540970E-02
  10.47130    
 -2.645000    
  1.030000    
 0.2264640E-02
  10.71520    
 -2.645000    
  1.040000    
 0.2264640E-02
  10.96480    
 -2.665000    
  1.050000    
 0.2162720E-02
  11.22020    
 -2.655000    
  1.060000    
 0.2213090E-02
  11.48150    
 -2.645000    
  1.070000    
 0.2264640E-02
  11.74900    
 -2.635000    
  1.080000    
 0.2317390E-02
  12.02260    
 -2.625000    
  1.090000    
 0.2371370E-02
  12.30270    
 -2.635000    
  1.100000    
 0.2317390E-02
  12.58930    
 -2.615000    
  1.110000    
 0.2426610E-02
  12.88250    
 -2.595000    
  1.120000    
 0.2540970E-02
  13.18260    
 -2.615000    
  1.130000    
 0.2426610E-02
  13.48960    
 -2.615000    
  1.140000    
 0.2426610E-02
  13.80380    
 -2.645000    
  1.150000    
 0.2264640E-02
  14.12540    
 -2.675000    
  1.160000    
 0.2113490E-02
  14.45440    
 -2.665000    
  1.170000    
 0.2162720E-02
  14.79110    
 -2.675000    
  1.180000    
 0.2113490E-02
  15.13560    
 -2.675000    
  1.190000    
 0.2113490E-02
  15.48820    
 -2.675000    
  1.200000    
 0.2113490E-02
  15.84890    
 -2.655000    
  1.210000    
 0.2213090E-02
  16.21810    
 -2.635000    
  1.220000    
 0.2317390E-02
  16.59590    
 -2.615000    
  1.230000    
 0.2426610E-02
  16.98240    
 -2.605000    
  1.240000    
 0.2483130E-02
  17.37800    
 -2.375000    
  1.240000    
 0.4216960E-02
  17.37800    
 -2.345000    
  1.230000    
 0.4518560E-02
  16.98240    
 -2.335000    
  1.220000    
 0.4623810E-02
  16.59590    
 -2.315000    
  1.210000    
 0.4841720E-02
  16.21810    
 -2.305000    
  1.200000    
 0.4954500E-02
  15.84890    
 -2.305000    
  1.190000    
 0.4954500E-02
  15.48820    
 -2.305000    
  1.180000    
 0.4954500E-02
  15.13560    
 -2.305000    
  1.170000    
 0.4954500E-02
  14.79110    
 -2.295000    
  1.160000    
 0.5069910E-02
  14.45440    
 -2.295000    
  1.150000    
 0.5069910E-02
  14.12540    
 -2.305000    
  1.140000    
 0.4954500E-02
  13.80380    
 -2.275000    
  1.130000    
 0.5308840E-02
  13.48960    
 -2.275000    
  1.120000    
 0.5308840E-02
  13.18260    
 -2.245000    
  1.110000    
 0.5688530E-02
  12.88250    
 -2.225000    
  1.100000    
 0.5956620E-02
  12.58930    
 -2.245000    
  1.090000    
 0.5688530E-02
  12.30270    
 -2.255000    
  1.080000    
 0.5559040E-02
  12.02260    
 -2.275000    
  1.070000    
 0.5308840E-02
  11.74900    
 -2.295000    
  1.060000    
 0.5069910E-02
  11.48150    
 -2.325000    
  1.050000    
 0.4731510E-02
  11.22020    
 -2.375000    
  1.040000    
 0.4216960E-02
  10.96480    
 -2.435000    
  1.030000    
 0.3672820E-02
  10.71520    
 -2.565000    
  1.020000    
 0.2722700E-02
  10.47130    
