 -2.585000    
  1.470000    
 0.2600160E-02
  29.51210    
 -2.615000    
  1.480000    
 0.2426610E-02
  30.19950    
 -2.625000    
  1.490000    
 0.2371370E-02
  30.90300    
 -2.595000    
  1.500000    
 0.2540970E-02
  31.62280    
 -2.575000    
  1.510000    
 0.2660720E-02
  32.35940    
 -2.605000    
  1.520000    
 0.2483130E-02
  33.11310    
 -2.615000    
  1.530000    
 0.2426610E-02
  33.88440    
 -2.615000    
  1.540000    
 0.2426610E-02
  34.67370    
 -2.615000    
  1.550000    
 0.2426610E-02
  35.48130    
 -2.585000    
  1.560000    
 0.2600160E-02
  36.30780    
 -2.555000    
  1.570000    
 0.2786120E-02
  37.15350    
 -2.595000    
  1.580000    
 0.2540970E-02
  38.01890    
 -2.595000    
  1.590000    
 0.2540970E-02
  38.90450    
 -2.585000    
  1.600000    
 0.2600160E-02
  39.81070    
 -2.585000    
  1.610000    
 0.2600160E-02
  40.73800    
 -2.455000    
  1.610000    
 0.3507520E-02
  40.73800    
 -2.475000    
  1.600000    
 0.3349660E-02
  39.81070    
 -2.445000    
  1.590000    
 0.3589220E-02
  38.90450    
 -2.405000    
  1.580000    
 0.3935500E-02
  38.01890    
 -2.485000    
  1.570000    
 0.3273410E-02
  37.15350    
 -2.435000    
  1.560000    
 0.3672820E-02
  36.30780    
 -2.365000    
  1.550000    
 0.4315190E-02
  35.48130    
 -2.365000    
  1.540000    
 0.4315190E-02
  34.67370    
 -2.355000    
  1.530000    
 0.4415700E-02
  33.88440    
 -2.395000    
  1.520000    
 0.4027170E-02
  33.11310    
 -2.455000    
  1.510000    
 0.3507520E-02
  32.35940    
 -2.415000    
  1.500000    
 0.3845920E-02
  31.62280    
 -2.345000    
  1.490000    
 0.4518560E-02
  30.90300    
 -2.355000    
  1.480000    
 0.4415700E-02
  30.19950    
 -2.435000    
  1.470000    
 0.3672820E-02
  29.51210    
