 -2.745000    
 0.7400000    
 0.1798870E-02
  5.495410    
 -2.755000    
 0.7500000    
 0.1757920E-02
  5.623410    
 -2.765000    
 0.7600000    
 0.1717910E-02
  5.754400    
 -2.795000    
 0.7700000    
 0.1603250E-02
  5.888440    
 -2.815000    
 0.7800000    
 0.1531090E-02
  6.025600    
 -2.815000    
 0.7900000    
 0.1531090E-02
  6.165950    
 -2.815000    
 0.8000000    
 0.1531090E-02
  6.309570    
 -2.805000    
 0.8100000    
 0.1566750E-02
  6.456540    
 -2.805000    
 0.8200000    
 0.1566750E-02
  6.606930    
 -2.785000    
 0.8300000    
 0.1640590E-02
  6.760830    
 -2.765000    
 0.8400000    
 0.1717910E-02
  6.918310    
 -2.745000    
 0.8500000    
 0.1798870E-02
  7.079460    
 -2.705000    
 0.8600000    
 0.1972420E-02
  7.244360    
 -2.675000    
 0.8700000    
 0.2113490E-02
  7.413100    
 -2.615000    
 0.8800000    
 0.2426610E-02
  7.585780    
 -2.555000    
 0.8900000    
 0.2786120E-02
  7.762470    
 -2.515000    
 0.8900000    
 0.3054920E-02
  7.762470    
 -2.465000    
 0.8800000    
 0.3427680E-02
  7.585780    
 -2.455000    
 0.8700000    
 0.3507520E-02
  7.413100    
 -2.465000    
 0.8600000    
 0.3427680E-02
  7.244360    
 -2.475000    
 0.8500000    
 0.3349660E-02
  7.079460    
 -2.495000    
 0.8400000    
 0.3198900E-02
  6.918310    
 -2.525000    
 0.8300000    
 0.2985380E-02
  6.760830    
 -2.545000    
 0.8200000    
 0.2851020E-02
  6.606930    
 -2.575000    
 0.8100000    
 0.2660720E-02
  6.456540    
 -2.595000    
 0.8000000    
 0.2540970E-02
  6.309570    
 -2.615000    
 0.7900000    
 0.2426610E-02
  6.165950    
 -2.625000    
 0.7800000    
 0.2371370E-02
  6.025600    
 -2.635000    
 0.7700000    
 0.2317390E-02
  5.888440    
 -2.665000    
 0.7600000    
 0.2162720E-02
  5.754400    
 -2.655000    
 0.7500000    
 0.2213090E-02
  5.623410    
 -2.665000    
 0.7400000    
 0.2162720E-02
  5.495410    
